2.760671737976372296e-05 -1.834905916685238334e-05 3.715108028613030903e-06 -5.728768855333328741e-07 4.051528335548937501e-08 1.931286533363163577e-08 -1.322764414362609456e-08 5.692634033039212510e-09 -2.098014578223228460e-09 7.146431598812341723e-10 -2.320422790944576263e-10 7.296004332602024094e-11 -2.241460606455802789e-11 6.765825673937797895e-12 -2.013752236962318522e-12 5.918554961681365941e-13 -1.720618456602096476e-13 4.936009645462036205e-14 -1.257285475730895949e-14 2.328306436538696480e-15 -1.164153218269348240e-15 1.164153218269348240e-15 -2.328306436538696184e-16 2.328306436538696184e-16 -4.656612873077392367e-16 1.629814505577087378e-15 0.000000000000000000e+00 0.000000000000000000e+00 2.328306436538696184e-16 0.000000000000000000e+00 -2.328306436538696184e-16 0.000000000000000000e+00 -2.328306436538696184e-16 4.656612873077392367e-16 2.328306436538696184e-16 1.396983861923217809e-15 2.328306436538696184e-16 -6.984919309616089044e-16 4.656612873077392367e-16 -6.984919309616089044e-16 6.984919309616089044e-16 2.328306436538696184e-16 0.000000000000000000e+00 0.000000000000000000e+00 4.656612873077392367e-16 6.984919309616089044e-16 -2.328306436538696184e-16 -4.656612873077392367e-16 2.328306436538696184e-16 0.000000000000000000e+00
-1.834905916685238334e-05 2.706717192567884982e-05 -1.343588791158981642e-05 1.022229566005989823e-06 2.462618760764598761e-07 -2.048842997755855291e-07 9.197555878199636847e-08 -3.453649883158505049e-08 1.189099624752998413e-08 -3.888328792527317744e-09 1.228625653311610122e-09 -3.788687754422426309e-10 1.147123984992504150e-10 -3.423634916543960758e-11 1.009670086205005664e-11 -2.945307642221450756e-12 8.486676961183547514e-13 -2.419110387563705428e-13 6.705522537231445482e-14 -1.769512891769409277e-14 5.122274160385131703e-15 -2.328306436538696480e-15 6.984919309616089044e-16 6.984919309616089044e-16 -2.328306436538696184e-16 -6.984919309616089044e-16 -4.656612873077392367e-16 6.984919309616089044e-16 0.000000000000000000e+00 -4.656612873077392367e-16 6.984919309616089044e-16 -4.656612873077392367e-16 -6.984919309616089044e-16 0.000000000000000000e+00 0.000000000000000000e+00 9.313225746154784735e-16 4.656612873077392367e-16 9.313225746154784735e-16 -9.313225746154784735e-16 0.000000000000000000e+00 4.656612873077392367e-16 -6.984919309616089044e-16 -6.984919309616089044e-16 -2.328306436538696184e-16 -2.328306436538696184e-16 0.000000000000000000e+00 2.328306436538696184e-16 -2.328306436538696184e-16 0.000000000000000000e+00 0.000000000000000000e+00
3.715108028613030903e-06 -1.343588791158981642e-05 2.092288173548877142e-05 -1.052360855345614284e-05 1.649814518168568509e-07 4.963468089699744682e-07 -2.773758620023727352e-07 1.128648747690021989e-07 -4.052299680188298462e-08 1.359728444367647200e-08 -4.372375784441828751e-09 1.365546369925141256e-09 -4.174681380391121028e-10 1.255471725016832236e-10 -3.725127317011356268e-11 1.092371530830860147e-11 -3.163469955325126676e-12 9.043142199516296074e-13 -2.537854015827179048e-13 7.054768502712249580e-14 -1.909211277961730979e-14 4.423782229423523193e-15 -1.862645149230956947e-15 4.656612873077392367e-16 2.328306436538696184e-16 -1.164153218269348240e-15 4.656612873077392367e-16 -2.328306436538696184e-16 2.328306436538696184e-16 0.000000000000000000e+00 0.000000000000000000e+00 -4.656612873077392367e-16 6.984919309616089044e-16 1.629814505577087378e-15 4.656612873077392367e-16 4.656612873077392367e-16 2.328306436538696184e-16 -4.656612873077392367e-16 4.656612873077392367e-16 6.984919309616089044e-16 6.984919309616089044e-16 -6.984919309616089044e-16 6.984919309616089044e-16 4.656612873077392367e-16 0.000000000000000000e+00 2.328306436538696184e-16 -2.328306436538696184e-16 2.328306436538696184e-16 0.000000000000000000e+00 -4.656612873077392367e-16
-5.728768855333328741e-07 1.022229566005989823e-06 -1.052360855345614284e-05 1.955868869461119134e-05 -1.011356245749630001e-05 5.053865327499806607e-08 5.285990228876471790e-07 -2.864717226475477380e-07 1.154229175299406088e-07 -4.123645229265094003e-08 1.379498559981584560e-08 -4.427507054060697494e-09 1.380892470479011625e-09 -4.216784145683049921e-10 1.266358885914087211e-10 -3.749039024114608682e-11 1.094536855816841199e-11 -3.146473318338394158e-12 8.875504136085509906e-13 -2.456363290548324464e-13 6.612390279769897891e-14 -1.629814505577087260e-14 3.958120942115783660e-15 -1.629814505577087378e-15 1.396983861923217809e-15 6.984919309616089044e-16 -2.328306436538696184e-16 -2.328306436538696184e-16 9.313225746154784735e-16 -2.328306436538696184e-16 2.328306436538696184e-16 2.328306436538696184e-16 0.000000000000000000e+00 -6.984919309616089044e-16 0.000000000000000000e+00 0.000000000000000000e+00 -4.656612873077392367e-16 0.000000000000000000e+00 2.328306436538696184e-16 -2.328306436538696184e-16 2.328306436538696184e-16 -9.313225746154784735e-16 -4.656612873077392367e-16 -6.984919309616089044e-16 0.000000000000000000e+00 0.000000000000000000e+00 -2.328306436538696184e-16 6.984919309616089044e-16 0.000000000000000000e+00 0.000000000000000000e+00
4.051528335548937501e-08 2.462618760764598761e-07 1.649814518168568509e-07 -1.011356245749630001e-05 1.941177449934184486e-05 -1.006526928581297404e-05 4.174768808297813096e-08 5.303485949989408049e-07 -2.867801976390182827e-07 1.154478776734322275e-07 -4.122447222471237225e-08 1.378842769190669098e-08 -4.424875136464834363e-09 1.379758818075060879e-09 -4.210292827337980524e-10 1.262112054973840776e-10 -3.720843233168125306e-11 1.077679917216300982e-11 -3.056833520531654368e-12 8.463393896818161500e-13 -2.281740307807922290e-13 6.007030606269836026e-14 -1.606531441211700362e-14 3.958120942115783660e-15 -1.629814505577087378e-15 -9.313225746154784735e-16 -9.313225746154784735e-16 -2.328306436538696184e-16 2.328306436538696184e-16 0.000000000000000000e+00 0.000000000000000000e+00 -6.984919309616089044e-16 -6.984919309616089044e-16 -1.164153218269348240e-15 -1.396983861923217809e-15 -4.656612873077392367e-16 -6.984919309616089044e-16 2.328306436538696184e-16 0.000000000000000000e+00 9.313225746154784735e-16 -2.328306436538696184e-16 0.000000000000000000e+00 4.656612873077392367e-16 2.328306436538696184e-16 4.656612873077392367e-16 4.656612873077392367e-16 -6.984919309616089044e-16 -6.984919309616089044e-16 4.656612873077392367e-16 2.328306436538696184e-16
1.931286533363163577e-08 -2.048842997755855291e-07 4.963468089699744682e-07 5.053865327499806607e-08 -1.006526928581297404e-05 1.937344488687813289e-05 -1.004803931759670377e-05 4.138547764159738740e-08 5.296825640834867956e-07 -2.863423756789415827e-07 1.152491348329931494e-07 -4.115559998899698208e-08 1.376588456332683530e-08 -4.417025018483400062e-09 1.376316184177994770e-09 -4.191505722701549541e-10 1.250801142305135722e-10 -3.655697219073772702e-11 1.043593510985374468e-11 -2.901069819927215713e-12 7.834751158952712863e-13 -2.053566277027130061e-13 5.308538675308227831e-14 -1.234002411365509051e-14 3.259629011154174756e-15 1.164153218269348240e-15 -4.656612873077392367e-16 -2.328306436538696184e-16 -6.984919309616089044e-16 9.313225746154784735e-16 1.164153218269348240e-15 -4.656612873077392367e-16 0.000000000000000000e+00 -4.656612873077392367e-16 9.313225746154784735e-16 6.984919309616089044e-16 -2.328306436538696184e-16 4.656612873077392367e-16 4.656612873077392367e-16 -2.328306436538696184e-16 0.000000000000000000e+00 -2.328306436538696184e-16 2.328306436538696184e-16 0.000000000000000000e+00 2.328306436538696184e-16 6.984919309616089044e-16 -1.629814505577087378e-15 0.000000000000000000e+00 -9.313225746154784735e-16 2.328306436538696184e-16
-1.322764414362609456e-08 9.197555878199636847e-08 -2.773758620023727352e-07 5.285990228876471790e-07 4.174768808297813096e-08 -1.004803931759670377e-05 1.934193112887441974e-05 -1.003074468998238390e-05 4.069170611910521720e-08 5.288867508061229858e-07 -2.858212580904364489e-07 1.150500895455479609e-07 -4.108672030270099394e-08 1.374062220565974753e-08 -4.405262414366006851e-09 1.369608566164970472e-09 -4.150320310145616390e-10 1.226766034960746828e-10 -3.529945388436317322e-11 9.862007573246955596e-12 -2.668006345629692179e-12 7.012858986854553037e-13 -1.827720552682876585e-13 4.190951585769653584e-14 -1.164153218269348200e-14 -2.328306436538696184e-16 -1.164153218269348240e-15 2.328306436538696184e-16 2.328306436538696184e-16 -9.313225746154784735e-16 2.328306436538696184e-16 0.000000000000000000e+00 -6.984919309616089044e-16 4.656612873077392367e-16 2.328306436538696184e-16 -2.328306436538696184e-16 -6.984919309616089044e-16 -6.984919309616089044e-16 6.984919309616089044e-16 -2.328306436538696184e-16 2.328306436538696184e-16 -4.656612873077392367e-16 2.328306436538696184e-16 -2.328306436538696184e-16 6.984919309616089044e-16 0.000000000000000000e+00 4.656612873077392367e-16 -2.328306436538696184e-16 2.328306436538696184e-16 0.000000000000000000e+00
5.692634033039212510e-09 -3.453649883158505049e-08 1.128648747690021989e-07 -2.864717226475477380e-07 5.303485949989408049e-07 4.138547764159738740e-08 -1.003074468998238390e-05 1.930700685642659656e-05 -1.001124984631314950e-05 3.984723775647580668e-08 5.279612049926072563e-07 -2.853505059611052331e-07 1.148657035082578706e-07 -4.101194092072546645e-08 1.370203075930476107e-08 -4.381725098937749561e-09 1.354678068310022451e-09 -4.061993677169084478e-10 1.180351246148347834e-10 -3.317394293844699779e-11 8.995179086923599633e-12 -2.360437065362930168e-12 6.167683750391006188e-13 -1.385342329740524392e-13 3.888271749019622651e-14 1.164153218269348240e-15 4.190951585769653426e-15 -2.095475792884826713e-15 1.862645149230956947e-15 0.000000000000000000e+00 -1.396983861923217809e-15 4.656612873077392367e-16 4.656612873077392367e-16 -4.656612873077392367e-16 9.313225746154784735e-16 -2.328306436538696184e-16 2.328306436538696184e-16 -9.313225746154784735e-16 9.313225746154784735e-16 -1.396983861923217809e-15 6.984919309616089044e-16 -9.313225746154784735e-16 -4.656612873077392367e-16 -6.984919309616089044e-16 -4.656612873077392367e-16 6.984919309616089044e-16 2.328306436538696184e-16 0.000000000000000000e+00 9.313225746154784735e-16 -9.313225746154784735e-16
-2.098014578223228460e-09 1.189099624752998413e-08 -4.052299680188298462e-08 1.154229175299406088e-07 -2.867801976390182827e-07 5.296825640834867956e-07 4.069170611910521720e-08 -1.001124984631314950e-05 1.927062919363379590e-05 -9.992805513786152718e-06 3.997564176097512257e-08 5.270940982736646783e-07 -2.849005861207842761e-07 1.146507533267140439e-07 -4.088547499850392247e-08 1.361919054761528933e-08 -4.327524919062852715e-09 1.322218915447592636e-09 -3.890478983521461719e-10 1.101645175367593743e-10 -2.996204420924186586e-11 7.853843271732329879e-12 -2.051703631877899260e-12 4.507601261138916025e-13 -1.285225152969360289e-13 -9.546056389808654896e-15 -1.466833055019378660e-14 3.026798367500304990e-15 -1.396983861923217809e-15 9.313225746154784735e-16 0.000000000000000000e+00 0.000000000000000000e+00 -6.984919309616089044e-16 -1.164153218269348240e-15 6.984919309616089044e-16 -2.328306436538696184e-16 0.000000000000000000e+00 2.328306436538696184e-16 2.328306436538696184e-16 -1.164153218269348240e-15 6.984919309616089044e-16 2.328306436538696184e-16 -2.328306436538696184e-16 0.000000000000000000e+00 -6.984919309616089044e-16 -2.328306436538696184e-16 0.000000000000000000e+00 -2.328306436538696184e-16 -4.656612873077392367e-16 4.656612873077392367e-16
7.146431598812341723e-10 -3.888328792527317744e-09 1.359728444367647200e-08 -4.123645229265094003e-08 1.154478776734322275e-07 -2.863423756789415827e-07 5.288867508061229858e-07 3.984723775647580668e-08 -9.992805513786152718e-06 1.923774689994752540e-05 -9.977553591132163274e-06 4.059653193689883058e-08 5.261166328564286740e-07 -2.842880173120647451e-07 1.142312085721641772e-07 -4.059156496077775631e-08 1.342174015007913147e-08 -4.208053462207317266e-09 1.258824951946735376e-09 -3.599096089601516870e-10 9.825639426708221301e-11 -2.572778612375259423e-11 6.716232746839523342e-12 -1.429580152034759434e-12 4.125759005546569639e-13 5.075708031654358223e-14 5.029141902923583796e-14 -1.490116119384765558e-14 3.725290298461913894e-15 -1.164153218269348240e-15 -9.313225746154784735e-16 -2.328306436538696184e-16 1.164153218269348240e-15 -1.396983861923217809e-15 2.328306436538696184e-16 4.656612873077392367e-16 4.656612873077392367e-16 -1.164153218269348240e-15 -4.656612873077392367e-16 -2.328306436538696184e-16 -2.328306436538696184e-16 9.313225746154784735e-16 1.396983861923217809e-15 6.984919309616089044e-16 9.313225746154784735e-16 -9.313225746154784735e-16 4.656612873077392367e-16 0.000000000000000000e+00 -2.328306436538696184e-16 4.656612873077392367e-16
-2.320422790944576263e-10 1.228625653311610122e-09 -4.372375784441828751e-09 1.379498559981584560e-08 -4.122447222471237225e-08 1.152491348329931494e-07 -2.858212580904364489e-07 5.279612049926072563e-07 3.997564176097512257e-08 -9.977553591132163274e-06 1.920375779457390278e-05 -9.961074709892272833e-06 4.048086819238960550e-08 5.248453293461352904e-07 -2.830005036666989490e-07 1.132136129308491926e-07 -3.987882798537612246e-08 1.298384228721260997e-08 -3.974280087277293488e-09 1.151099568232893885e-09 -3.158226609230041732e-10 8.256593719124793745e-11 -2.151355147361755279e-11 4.388624802231788908e-12 -1.292442902922630398e-12 -2.591405063867569102e-13 -1.683365553617477440e-13 4.936009645462036205e-14 -1.210719347000121996e-14 3.026798367500304990e-15 -9.313225746154784735e-16 1.164153218269348240e-15 -2.328306436538696184e-16 -4.656612873077392367e-16 -2.328306436538696184e-16 6.984919309616089044e-16 4.656612873077392367e-16 9.313225746154784735e-16 0.000000000000000000e+00 -4.656612873077392367e-16 -9.313225746154784735e-16 2.328306436538696184e-16 0.000000000000000000e+00 4.656612873077392367e-16 2.328306436538696184e-16 4.656612873077392367e-16 -2.328306436538696184e-16 6.984919309616089044e-16 -4.656612873077392367e-16 0.000000000000000000e+00
7.296004332602024094e-11 -3.788687754422426309e-10 1.365546369925141256e-09 -4.427507054060697494e-09 1.378842769190669098e-08 -4.115559998899698208e-08 1.150500895455479609e-07 -2.853505059611052331e-07 5.270940982736646783e-07 4.059653193689883058e-08 -9.961074709892272833e-06 1.915027735754847604e-05 -9.941492401994765114e-06 4.097406077198684003e-08 5.212045654188841806e-07 -2.795334262773394477e-07 1.106537100858986431e-07 -3.827736084349453479e-08 1.212284713983535698e-08 -3.576370421797036994e-09 9.879968129098414386e-10 -2.576997503638267301e-10 6.696698255836964015e-11 -1.284270547330379479e-11 3.893161192536354007e-12 1.223059371113777127e-12 5.643814802169799664e-13 -1.639127731323242145e-13 4.214234650135040482e-14 -1.210719347000121996e-14 3.958120942115783660e-15 -2.328306436538696480e-15 2.328306436538696184e-16 -4.656612873077392367e-16 2.328306436538696184e-16 4.656612873077392367e-16 0.000000000000000000e+00 0.000000000000000000e+00 0.000000000000000000e+00 -4.656612873077392367e-16 -1.164153218269348240e-15 -9.313225746154784735e-16 -4.656612873077392367e-16 4.656612873077392367e-16 -2.328306436538696184e-16 2.328306436538696184e-16 4.656612873077392367e-16 -2.328306436538696184e-16 0.000000000000000000e+00 0.000000000000000000e+00
-2.241460606455802789e-11 1.147123984992504150e-10 -4.174681380391121028e-10 1.380892470479011625e-09 -4.424875136464834363e-09 1.376588456332683530e-08 -4.108672030270099394e-08 1.148657035082578706e-07 -2.849005861207842761e-07 5.261166328564286740e-07 4.048086819238960550e-08 -9.941492401994765114e-06 1.903023004159331392e-05 -9.924315087497234800e-06 4.973322781734168524e-08 5.096315068658441743e-07 -2.703907957766205276e-07 1.048106432426720806e-07 -3.511049784719943986e-08 1.065445784479379654e-08 -2.973416820168495197e-09 7.728298660367726973e-10 -1.999964006245136306e-10 3.468664363026618942e-11 -1.104129478335380528e-11 -5.509704351425171133e-12 -1.864507794380187870e-12 5.487818270921707512e-13 -1.424923539161682181e-13 3.725290298461914367e-14 -1.094304025173187192e-14 2.793967723846435618e-15 -1.629814505577087378e-15 0.000000000000000000e+00 6.984919309616089044e-16 -4.656612873077392367e-16 6.984919309616089044e-16 -6.984919309616089044e-16 4.656612873077392367e-16 2.328306436538696184e-16 0.000000000000000000e+00 -4.656612873077392367e-16 -2.328306436538696184e-16 0.000000000000000000e+00 9.313225746154784735e-16 -2.328306436538696184e-16 6.984919309616089044e-16 -4.656612873077392367e-16 -2.328306436538696184e-16 2.328306436538696184e-16
6.765825673937797895e-12 -3.423634916543960758e-11 1.255471725016832236e-10 -4.216784145683049921e-10 1.379758818075060879e-09 -4.417025018483400062e-09 1.374062220565974753e-08 -4.101194092072546645e-08 1.146507533267140439e-07 -2.842880173120647451e-07 5.248453293461352904e-07 4.097406077198684003e-08 -9.924315087497234800e-06 1.871127227693796248e-05 -9.929841817356646356e-06 8.583524706773460095e-08 4.775819208007305750e-07 -2.492305175401270611e-07 9.320637723430990540e-08 -2.970433770678937533e-08 8.429146604612469261e-09 -2.177920890972018177e-09 5.596743430942296472e-10 -7.991236634552478751e-11 2.814852632582187756e-11 2.409634180366992989e-11 6.062677130103111185e-12 -1.808395609259605314e-12 4.637986421585082652e-13 -1.187436282634735193e-13 3.469176590442657230e-14 -1.001171767711639443e-14 2.793967723846435618e-15 0.000000000000000000e+00 1.396983861923217809e-15 -6.984919309616089044e-16 -1.396983861923217809e-15 -4.656612873077392367e-16 6.984919309616089044e-16 -2.328306436538696184e-16 -1.164153218269348240e-15 -1.629814505577087378e-15 9.313225746154784735e-16 -2.328306436538696184e-16 -6.984919309616089044e-16 0.000000000000000000e+00 2.328306436538696184e-16 -2.328306436538696184e-16 4.656612873077392367e-16 2.328306436538696184e-16
-2.013752236962318522e-12 1.009670086205005664e-11 -3.725127317011356268e-11 1.266358885914087211e-10 -4.210292827337980524e-10 1.376316184177994770e-09 -4.405262414366006851e-09 1.370203075930476107e-08 -4.088547499850392247e-08 1.142312085721641772e-07 -2.830005036666989490e-07 5.212045654188841806e-07 4.973322781734168524e-08 -9.929841817356646356e-06 1.787371984310448295e-05 -9.999620633898303570e-06 1.870578466914594154e-07 4.038792436476796611e-07 -2.074926597997546099e-07 7.351418375037610634e-08 -2.154885698109865235e-08 5.503640975803137090e-09 -1.394661841914057833e-09 1.141270622611045829e-10 -5.648541264235973663e-11 -1.030380371958017400e-10 -1.925788819789886332e-11 5.855457857251167580e-12 -1.500360667705535906e-12 3.806781023740768320e-13 -1.084990799427032464e-13 3.189779818058013826e-14 -8.381903171539306853e-15 2.328306436538696480e-15 -2.328306436538696480e-15 -2.328306436538696184e-16 2.328306436538696184e-16 -2.328306436538696184e-16 -2.095475792884826713e-15 -4.656612873077392367e-16 -4.656612873077392367e-16 -6.984919309616089044e-16 -1.164153218269348240e-15 -4.656612873077392367e-16 -1.862645149230956947e-15 2.328306436538696184e-16 -2.328306436538696184e-16 -4.656612873077392367e-16 -4.656612873077392367e-16 6.984919309616089044e-16
5.918554961681365941e-13 -2.945307642221450756e-12 1.092371530830860147e-11 -3.749039024114608682e-11 1.262112054973840776e-10 -4.191505722701549541e-10 1.369608566164970472e-09 -4.381725098937749561e-09 1.361919054761528933e-08 -4.059156496077775631e-08 1.132136129308491926e-07 -2.795334262773394477e-07 5.096315068658441743e-07 8.583524706773460095e-08 -9.999620633898303570e-06 1.591112856566906050e-05 -1.020898689376190338e-05 4.132022242993116271e-07 2.618004069663584147e-07 -1.379048719536513120e-07 4.419857286848127746e-08 -1.094341580756008601e-08 2.666394691914320039e-09 2.473564818501472729e-10 3.310176543891429711e-11 4.323688335716724511e-10 5.951803177595139059e-11 -1.858943141996860395e-11 4.733214154839515651e-12 -1.187436282634735193e-12 3.403984010219573916e-13 -1.026783138513565030e-13 3.213062882423400724e-14 -1.024454832077026341e-14 2.561137080192565851e-15 -4.656612873077392367e-16 4.656612873077392367e-16 -1.164153218269348240e-15 1.396983861923217809e-15 -1.396983861923217809e-15 9.313225746154784735e-16 6.984919309616089044e-16 -4.656612873077392367e-16 -4.656612873077392367e-16 6.984919309616089044e-16 -6.984919309616089044e-16 2.328306436538696184e-16 0.000000000000000000e+00 -4.656612873077392367e-16 2.328306436538696184e-16
-1.720618456602096476e-13 8.486676961183547514e-13 -3.163469955325126676e-12 1.094536855816841199e-11 -3.720843233168125306e-11 1.250801142305135722e-10 -4.150320310145616390e-10 1.354678068310022451e-09 -4.327524919062852715e-09 1.342174015007913147e-08 -3.987882798537612246e-08 1.106537100858986431e-07 -2.703907957766205276e-07 4.775819208007305750e-07 1.870578466914594154e-07 -1.020898689376190338e-05 1.196063492633402337e-05 -1.065916464664041982e-05 5.671274686465039821e-06 3.310796222649514982e-08 -3.708146116696298313e-08 6.962463958188891591e-09 -9.889656212180853641e-10 -3.299313364550471438e-09 5.037547089159488238e-10 -1.782006816938519386e-09 -1.784372143447399157e-10 5.781371146440506003e-11 -1.458777114748954805e-11 3.613764420151710528e-12 -1.057051122188568060e-12 3.217719495296478229e-13 -9.895302355289458677e-14 2.933666110038757320e-14 -9.313225746154785918e-15 2.561137080192565851e-15 -4.656612873077392367e-16 -2.328306436538696184e-16 4.656612873077392367e-16 -6.984919309616089044e-16 -9.313225746154784735e-16 -6.984919309616089044e-16 -4.656612873077392367e-16 -2.328306436538696184e-16 2.328306436538696184e-16 0.000000000000000000e+00 -2.328306436538696184e-16 -4.656612873077392367e-16 2.328306436538696184e-16 2.328306436538696184e-16
4.936009645462036205e-14 -2.419110387563705428e-13 9.043142199516296074e-13 -3.146473318338394158e-12 1.077679917216300982e-11 -3.655697219073772702e-11 1.226766034960746828e-10 -4.061993677169084478e-10 1.322218915447592636e-09 -4.208053462207317266e-09 1.298384228721260997e-08 -3.827736084349453479e-08 1.048106432426720806e-07 -2.492305175401270611e-07 4.038792436476796611e-07 4.132022242993116271e-07 -1.065916464664041982e-05 5.190993910655379116e-06 -1.626021012128330833e-05 1.462561568012461031e-06 -2.827380776870995892e-07 8.554199268110096310e-08 -2.579373843036592127e-08 2.012386801652610218e-08 -3.941043280065059824e-09 7.202295353636145768e-09 5.222917534410953387e-10 -1.777342986315488847e-10 4.431838169693946546e-11 -1.079076901078224143e-11 3.229826688766479643e-12 -1.009320840239524914e-12 3.187451511621475199e-13 -9.941868484020233735e-14 3.236345946788787621e-14 -9.546056389808654896e-15 3.492459654808044522e-15 -1.164153218269348240e-15 6.984919309616089044e-16 -4.656612873077392367e-16 -6.984919309616089044e-16 -4.656612873077392367e-16 4.656612873077392367e-16 0.000000000000000000e+00 0.000000000000000000e+00 -6.984919309616089044e-16 -2.328306436538696184e-16 -2.328306436538696184e-16 0.000000000000000000e+00 -4.656612873077392367e-16
-1.257285475730895949e-14 6.705522537231445482e-14 -2.537854015827179048e-13 8.875504136085509906e-13 -3.056833520531654368e-12 1.043593510985374468e-11 -3.529945388436317322e-11 1.180351246148347834e-10 -3.890478983521461719e-10 1.258824951946735376e-09 -3.974280087277293488e-09 1.212284713983535698e-08 -3.511049784719943986e-08 9.320637723430990540e-08 -2.074926597997546099e-07 2.618004069663584147e-07 5.671274686465039821e-06 -1.626021012128330833e-05 -4.604479959234595474e-06 -1.242735063447617067e-05 2.272713086334988506e-06 -6.410515150055288780e-07 1.811431206297129413e-07 -9.753437759354711076e-08 2.061354182660579590e-08 -2.845436800271272499e-08 -4.834088439354673136e-06 4.839771475410089085e-06 -1.364534255117177965e-10 3.256089985370635988e-11 -1.000822521746158655e-11 3.223074600100517134e-12 -1.048436388373374953e-12 3.378372639417648392e-13 -1.061707735061645566e-13 3.329478204250335843e-14 -1.071020960807800294e-14 2.095475792884826713e-15 -6.984919309616089044e-16 4.656612873077392367e-16 0.000000000000000000e+00 -2.328306436538696184e-16 4.656612873077392367e-16 2.328306436538696184e-16 4.656612873077392367e-16 -2.328306436538696184e-16 0.000000000000000000e+00 2.328306436538696184e-16 -6.984919309616089044e-16 0.000000000000000000e+00
2.328306436538696480e-15 -1.769512891769409277e-14 7.054768502712249580e-14 -2.456363290548324464e-13 8.463393896818161500e-13 -2.901069819927215713e-12 9.862007573246955596e-12 -3.317394293844699779e-11 1.101645175367593743e-10 -3.599096089601516870e-10 1.151099568232893885e-09 -3.576370421797036994e-09 1.065445784479379654e-08 -2.970433770678937533e-08 7.351418375037610634e-08 -1.379048719536513120e-07 3.310796222649514982e-08 1.462561568012461031e-06 -1.242735063447617067e-05 2.851308414712548200e-06 -1.354021962219849180e-05 3.099490124732256061e-06 -8.608770708087831917e-07 4.124308740720152592e-07 -8.956247195601463432e-08 4.385020933113992334e-08 -1.329289819113910161e-08 3.012959612533449929e-09 -8.482413832098245341e-10 2.409042790532111957e-10 -5.935458466410636575e-11 1.375726424157619491e-11 -2.958113327622413468e-12 5.713663995265960736e-13 -8.917413651943206448e-14 7.683411240577698343e-15 1.862645149230956947e-15 -1.396983861923217809e-15 4.656612873077392367e-16 2.328306436538696184e-16 4.656612873077392367e-16 -6.984919309616089044e-16 -1.164153218269348240e-15 -6.984919309616089044e-16 2.328306436538696184e-16 0.000000000000000000e+00 4.656612873077392367e-16 4.656612873077392367e-16 0.000000000000000000e+00 0.000000000000000000e+00
-1.164153218269348240e-15 5.122274160385131703e-15 -1.909211277961730979e-14 6.612390279769897891e-14 -2.281740307807922290e-13 7.834751158952712863e-13 -2.668006345629692179e-12 8.995179086923599633e-12 -2.996204420924186586e-11 9.825639426708221301e-11 -3.158226609230041732e-10 9.879968129098414386e-10 -2.973416820168495197e-09 8.429146604612469261e-09 -2.154885698109865235e-08 4.419857286848127746e-08 -3.708146116696298313e-08 -2.827380776870995892e-07 2.272713086334988506e-06 -1.354021962219849180e-05 -8.106746450066566170e-06 -7.909573437646030903e-06 3.410890769213438011e-06 -1.562925156438723135e-06 9.471251838840544358e-08 6.351250829175114858e-07 9.708362631499766851e-11 1.998702762648463190e-09 -3.727402072399854846e-10 4.590512253344059058e-11 -3.082142211496829863e-11 1.602619886398315530e-11 -6.942544132471084770e-12 2.667307853698730275e-12 -9.455252438783646499e-13 3.161840140819549675e-13 -1.005828380584716759e-13 3.119930624961853133e-14 -1.024454832077026341e-14 3.259629011154174756e-15 -9.313225746154784735e-16 4.656612873077392367e-16 -9.313225746154784735e-16 -4.656612873077392367e-16 9.313225746154784735e-16 4.656612873077392367e-16 0.000000000000000000e+00 -2.328306436538696184e-16 -2.328306436538696184e-16 0.000000000000000000e+00
1.164153218269348240e-15 -2.328306436538696480e-15 4.423782229423523193e-15 -1.629814505577087260e-14 6.007030606269836026e-14 -2.053566277027130061e-13 7.012858986854553037e-13 -2.360437065362930168e-12 7.853843271732329879e-12 -2.572778612375259423e-11 8.256593719124793745e-11 -2.576997503638267301e-10 7.728298660367726973e-10 -2.177920890972018177e-09 5.503640975803137090e-09 -1.094341580756008601e-08 6.962463958188891591e-09 8.554199268110096310e-08 -6.410515150055288780e-07 3.099490124732256061e-06 -7.909573437646030903e-06 -8.474763596430420878e-06 -1.725223210640251510e-05 1.261707425350323367e-06 5.659550379496067476e-07 -8.425939206499606292e-07 2.313090628013014764e-08 -1.379076973535120485e-08 3.088920144364237919e-09 -1.009626534953713386e-05 2.370371948927641044e-10 -9.257742203772067982e-11 3.472669050097465627e-11 -1.232605427503585837e-11 4.165107384324073478e-12 -1.353444531559944058e-12 4.258472472429275272e-13 -1.322478055953979578e-13 3.934837877750396447e-14 -1.210719347000121996e-14 3.725290298461913894e-15 -1.164153218269348240e-15 0.000000000000000000e+00 -4.656612873077392367e-16 0.000000000000000000e+00 9.313225746154784735e-16 0.000000000000000000e+00 0.000000000000000000e+00 2.328306436538696184e-16 2.328306436538696184e-16
-2.328306436538696184e-16 6.984919309616089044e-16 -1.862645149230956947e-15 3.958120942115783660e-15 -1.606531441211700362e-14 5.308538675308227831e-14 -1.827720552682876585e-13 6.167683750391006188e-13 -2.051703631877899260e-12 6.716232746839523342e-12 -2.151355147361755279e-11 6.696698255836964015e-11 -1.999964006245136306e-10 5.596743430942296472e-10 -1.394661841914057833e-09 2.666394691914320039e-09 -9.889656212180853641e-10 -2.579373843036592127e-08 1.811431206297129413e-07 -8.608770708087831917e-07 3.410890769213438011e-06 -1.725223210640251510e-05 1.461884330958127931e-06 -1.431776909809559601e-05 -3.316395750734954990e-06 1.310273462207987939e-06 -2.712152402382343765e-07 -1.033325766935013154e-05 -2.486194483935832903e-08 5.911338841542601454e-09 -1.843003323301672853e-09 6.025494076311588436e-10 -1.985770650207996436e-10 6.452389061450957913e-11 -2.051843330264091399e-11 6.384681910276412605e-12 -1.950655132532119758e-12 5.871988832950591893e-13 -1.736916601657867494e-13 5.168840289115905814e-14 -1.420266926288604707e-14 4.656612873077392959e-15 -1.396983861923217809e-15 2.328306436538696184e-16 2.328306436538696184e-16 -2.328306436538696184e-16 0.000000000000000000e+00 -6.984919309616089044e-16 9.313225746154784735e-16 4.656612873077392367e-16
2.328306436538696184e-16 6.984919309616089044e-16 4.656612873077392367e-16 -1.629814505577087378e-15 3.958120942115783660e-15 -1.234002411365509051e-14 4.190951585769653584e-14 -1.385342329740524392e-13 4.507601261138916025e-13 -1.429580152034759434e-12 4.388624802231788908e-12 -1.284270547330379479e-11 3.468664363026618942e-11 -7.991236634552478751e-11 1.141270622611045829e-10 2.473564818501472729e-10 -3.299313364550471438e-09 2.012386801652610218e-08 -9.753437759354711076e-08 4.124308740720152592e-07 -1.562925156438723135e-06 1.261707425350323367e-06 -1.431776909809559601e-05 2.679450245760381144e-05 -2.045083084376529014e-05 6.130804640473797749e-06 -1.115436324849724812e-06 1.058454410242848109e-05 -5.863694730214774698e-08 1.832067104987800171e-08 -3.885242855176329384e-09 6.182952784001827438e-10 -2.206861972808837734e-11 -3.779749386012554426e-11 2.260413020849227990e-11 -9.489245712757110726e-12 3.468943759799003784e-12 -1.178355887532234284e-12 3.823079168796539338e-13 -1.196749508380889952e-13 3.748573362827301265e-14 -1.234002411365509051e-14 3.492459654808044522e-15 -9.313225746154784735e-16 4.656612873077392367e-16 0.000000000000000000e+00 0.000000000000000000e+00 2.328306436538696184e-16 2.328306436538696184e-16 2.328306436538696184e-16
-4.656612873077392367e-16 -2.328306436538696184e-16 2.328306436538696184e-16 1.396983861923217809e-15 -1.629814505577087378e-15 3.259629011154174756e-15 -1.164153218269348200e-14 3.888271749019622651e-14 -1.285225152969360289e-13 4.125759005546569639e-13 -1.292442902922630398e-12 3.893161192536354007e-12 -1.104129478335380528e-11 2.814852632582187756e-11 -5.648541264235973663e-11 3.310176543891429711e-11 5.037547089159488238e-10 -3.941043280065059824e-09 2.061354182660579590e-08 -8.956247195601463432e-08 9.471251838840544358e-08 5.659550379496067476e-07 -3.316395750734954990e-06 -2.045083084376529014e-05 3.377000320143997802e-05 -2.689004933927208348e-05 1.952101765200495783e-07 -3.638060751371085367e-05 4.554234042298048537e-07 -1.077341327909380244e-07 2.493011159822344905e-08 -5.067803664132952906e-09 8.117402903735637399e-10 -5.137640982866287116e-11 -3.365869633853435448e-11 2.207420766353607256e-11 -9.441282600164414083e-12 3.474066033959388788e-12 -1.182314008474349987e-12 3.830064088106155344e-13 -1.203734427690505958e-13 3.702007234096526838e-14 -1.047737896442413396e-14 3.026798367500304990e-15 -1.629814505577087378e-15 0.000000000000000000e+00 4.656612873077392367e-16 2.328306436538696184e-16 -2.328306436538696184e-16 -4.656612873077392367e-16
1.629814505577087378e-15 -6.984919309616089044e-16 -1.164153218269348240e-15 6.984919309616089044e-16 -9.313225746154784735e-16 1.164153218269348240e-15 -2.328306436538696184e-16 1.164153218269348240e-15 -9.546056389808654896e-15 5.075708031654358223e-14 -2.591405063867569102e-13 1.223059371113777127e-12 -5.509704351425171133e-12 2.409634180366992989e-11 -1.030380371958017400e-10 4.323688335716724511e-10 -1.782006816938519386e-09 7.202295353636145768e-09 -2.845436800271272499e-08 4.385020933113992334e-08 6.351250829175114858e-07 -8.425939206499606292e-07 1.310273462207987939e-06 6.130804640473797749e-06 -2.689004933927208348e-05 -1.241060624923557123e-04 -2.206116540892980976e-05 2.557803238998167245e-05 1.528492361214011923e-05 -1.549389070761389927e-05 2.203185041435062771e-08 -1.192590361461043434e-08 5.234725540503859452e-09 -2.022663131356239343e-09 7.188855670392513407e-10 -2.412926405668258508e-10 7.779267616569995818e-11 -2.435804344713687935e-11 7.462454959750176197e-12 -2.248911187052726556e-12 6.682239472866058711e-13 -1.972075551748275729e-13 5.704350769519805724e-14 -1.606531441211700362e-14 4.423782229423523193e-15 -2.328306436538696184e-16 4.656612873077392367e-16 -2.328306436538696184e-16 9.313225746154784735e-16 0.000000000000000000e+00
0.000000000000000000e+00 -4.656612873077392367e-16 4.656612873077392367e-16 -2.328306436538696184e-16 -9.313225746154784735e-16 -4.656612873077392367e-16 -1.164153218269348240e-15 4.190951585769653426e-15 -1.466833055019378660e-14 5.029141902923583796e-14 -1.683365553617477440e-13 5.643814802169799664e-13 -1.864507794380187870e-12 6.062677130103111185e-12 -1.925788819789886332e-11 5.951803177595139059e-11 -1.784372143447399157e-10 5.222917534410953387e-10 -4.834088439354673136e-06 -1.329289819113910161e-08 9.708362631499766851e-11 2.313090628013014764e-08 -2.712152402382343765e-07 -1.115436324849724812e-06 1.952101765200495783e-07 -2.206116540892980976e-05 -5.934020030684769180e-05 -2.217645757249556512e-05 -1.291244496963918143e-05 -1.662507473956793509e-07 -1.178047736175358244e-08 2.602627384476363540e-08 -1.470012776553630757e-08 6.286751013249159015e-09 -2.354522701352834748e-09 8.152814116328954497e-10 -2.682583872228860833e-10 8.521135896444321319e-11 -2.638809382915496970e-11 8.018920198082923748e-12 -2.401880919933319212e-12 7.105991244316101133e-13 -2.083834260702133091e-13 6.076879799365997350e-14 -1.722946763038635166e-14 5.820766091346741002e-15 -1.164153218269348240e-15 -2.328306436538696184e-16 0.000000000000000000e+00 2.328306436538696184e-16
0.000000000000000000e+00 6.984919309616089044e-16 -2.328306436538696184e-16 -2.328306436538696184e-16 -2.328306436538696184e-16 -2.328306436538696184e-16 2.328306436538696184e-16 -2.095475792884826713e-15 3.026798367500304990e-15 -1.490116119384765558e-14 4.936009645462036205e-14 -1.639127731323242145e-13 5.487818270921707512e-13 -1.808395609259605314e-12 5.855457857251167580e-12 -1.858943141996860395e-11 5.781371146440506003e-11 -1.777342986315488847e-10 4.839771475410089085e-06 3.012959612533449929e-09 1.998702762648463190e-09 -1.379076973535120485e-08 -1.033325766935013154e-05 1.058454410242848109e-05 -3.638060751371085367e-05 2.557803238998167245e-05 -2.217645757249556512e-05 -1.515713795293122503e-04 1.370368386572226923e-05 -8.374776512850076529e-06 -3.342498727142811039e-07 2.771014347672462307e-09 2.851922484114766050e-08 -1.652923459187149860e-08 6.965600652620196558e-09 -2.564867492765188109e-09 8.760211057960986817e-10 -2.852983307093381798e-10 8.994527161121368146e-11 -2.770079299807548440e-11 8.382136002182960110e-12 -2.501066774129867510e-12 7.373746484518051404e-13 -2.156011760234832663e-13 6.309710443019866327e-14 -1.816079020500183073e-14 5.355104804039001469e-15 -2.095475792884826713e-15 4.656612873077392367e-16 4.656612873077392367e-16
2.328306436538696184e-16 0.000000000000000000e+00 2.328306436538696184e-16 9.313225746154784735e-16 2.328306436538696184e-16 -6.984919309616089044e-16 2.328306436538696184e-16 1.862645149230956947e-15 -1.396983861923217809e-15 3.725290298461913894e-15 -1.210719347000121996e-14 4.214234650135040482e-14 -1.424923539161682181e-13 4.637986421585082652e-13 -1.500360667705535906e-12 4.733214154839515651e-12 -1.458777114748954805e-11 4.431838169693946546e-11 -1.364534255117177965e-10 -8.482413832098245341e-10 -3.727402072399854846e-10 3.088920144364237919e-09 -2.486194483935832903e-08 -5.863694730214774698e-08 4.554234042298048537e-07 1.528492361214011923e-05 -1.291244496963918143e-05 1.370368386572226923e-05 4.897838583029806732e-05 -2.721189986728131735e-05 -1.398191000777296701e-05 -1.332867499440908366e-07 -7.467852882109583058e-08 5.352912936359643701e-08 -2.391140582039952310e-08 9.042602963745594719e-09 -3.135603852570056982e-09 1.031190622597932875e-09 -3.273223992437124394e-10 1.013183500617742580e-10 -3.077671863138675619e-11 9.213574230670929655e-12 -2.725981175899505535e-12 7.986091077327728014e-13 -2.321321517229080331e-13 6.705522537231445482e-14 -1.909211277961730979e-14 5.820766091346741002e-15 -1.396983861923217809e-15 4.656612873077392367e-16
0.000000000000000000e+00 -4.656612873077392367e-16 0.000000000000000000e+00 -2.328306436538696184e-16 0.000000000000000000e+00 9.313225746154784735e-16 -9.313225746154784735e-16 0.000000000000000000e+00 9.313225746154784735e-16 -1.164153218269348240e-15 3.026798367500304990e-15 -1.210719347000121996e-14 3.725290298461914367e-14 -1.187436282634735193e-13 3.806781023740768320e-13 -1.187436282634735193e-12 3.613764420151710528e-12 -1.079076901078224143e-11 3.256089985370635988e-11 2.409042790532111957e-10 4.590512253344059058e-11 -1.009626534953713386e-05 5.911338841542601454e-09 1.832067104987800171e-08 -1.077341327909380244e-07 -1.549389070761389927e-05 -1.662507473956793509e-07 -8.374776512850076529e-06 -2.721189986728131735e-05 -8.418806532397865938e-06 -2.160658050887286741e-05 1.245127358706668025e-06 8.166590426117181691e-08 -1.479869028553366780e-07 7.566306367516518201e-08 -3.019741992466151863e-08 1.077608042396605030e-08 -3.607411636039614655e-09 1.159003702923655575e-09 -3.619184717535972411e-10 1.106762792915105874e-10 -3.330619074404239875e-11 9.895302355289459939e-12 -2.910150215029716420e-12 8.482020348310470513e-13 -2.449378371238708458e-13 7.078051567077637108e-14 -2.048909664154052681e-14 5.355104804039001469e-15 -1.396983861923217809e-15
-2.328306436538696184e-16 6.984919309616089044e-16 0.000000000000000000e+00 2.328306436538696184e-16 0.000000000000000000e+00 1.164153218269348240e-15 2.328306436538696184e-16 -1.396983861923217809e-15 0.000000000000000000e+00 -9.313225746154784735e-16 -9.313225746154784735e-16 3.958120942115783660e-15 -1.094304025173187192e-14 3.469176590442657230e-14 -1.084990799427032464e-13 3.403984010219573916e-13 -1.057051122188568060e-12 3.229826688766479643e-12 -1.000822521746158655e-11 -5.935458466410636575e-11 -3.082142211496829863e-11 2.370371948927641044e-10 -1.843003323301672853e-09 -3.885242855176329384e-09 2.493011159822344905e-08 2.203185041435062771e-08 -1.178047736175358244e-08 -3.342498727142811039e-07 -1.398191000777296701e-05 -2.160658050887286741e-05 -1.170897612348198836e-06 -1.111860794131644013e-05 8.010661676526069417e-07 2.586043858900666392e-07 -2.045063471887260674e-07 9.208117728121578153e-08 -3.476594737730919986e-08 1.202383032068610249e-08 -3.945980453863739749e-09 1.250782981514930767e-09 -3.867810592055320532e-10 1.174043864011764595e-10 -3.512529656291007905e-11 1.038680784404277752e-11 -3.043562173843383856e-12 8.833594620227813868e-13 -2.551823854446411061e-13 7.241033017635346024e-14 -1.885928213596344081e-14 3.725290298461913894e-15
