2.765169424749910895e-05 -1.836910936236381663e-05 3.722511315019801094e-06 -5.766099016182124340e-07 4.306317912414670147e-08 1.760217105038463914e-08 -1.220845431089401177e-08 5.249410169199108949e-09 -1.943307928740978235e-09 6.580851040780544332e-10 -2.097405958920717218e-10 6.420421414077281308e-11 -1.913937740027904471e-11 5.609821528196335033e-12 -1.624925062060356131e-12 4.684552550315856700e-13 -1.341104507446289096e-13 3.958120942115783976e-14 -8.847564458847046386e-15 4.190951585769653426e-15 -4.656612873077392367e-16 2.328306436538696184e-16 -2.328306436538696184e-16 1.396983861923217809e-15 1.164153218269348240e-15 -4.656612873077392367e-16 2.095475792884826713e-15 0.000000000000000000e+00 4.656612873077392367e-16 -1.164153218269348240e-15 4.656612873077392367e-16 2.793967723846435618e-15 -1.629814505577087378e-15 3.026798367500304990e-15 2.095475792884826713e-15 -2.328306436538696184e-16 2.328306436538696184e-16 -2.328306436538696184e-16 1.396983861923217809e-15 9.313225746154784735e-16 -2.328306436538696184e-16 6.984919309616089044e-16 -2.328306436538696184e-16 0.000000000000000000e+00 -2.328306436538696184e-16 0.000000000000000000e+00 -6.984919309616089044e-16 0.000000000000000000e+00 2.328306436538696184e-16 0.000000000000000000e+00
-1.836910936236381663e-05 2.703029779903590610e-05 -1.337891140975989456e-05 1.018013141117989949e-06 2.401362932287156556e-07 -1.983459182083606703e-07 8.755017328076064297e-08 -3.253965522162616213e-08 1.118554803542792715e-08 -3.628920530900359213e-09 1.126124989241361572e-09 -3.386184107512235791e-10 9.966176003217696679e-11 -2.891826443374156811e-11 8.308328688144683941e-12 -2.373475581407546982e-12 6.770715117454528796e-13 -1.892913132905960151e-13 5.518086254596709911e-14 -1.583248376846313464e-14 6.053596735000609979e-15 -1.396983861923217809e-15 1.396983861923217809e-15 6.984919309616089044e-16 9.313225746154784735e-16 0.000000000000000000e+00 -1.396983861923217809e-15 4.656612873077392367e-16 -1.396983861923217809e-15 -6.984919309616089044e-16 -1.862645149230956947e-15 -2.328306436538696184e-16 1.396983861923217809e-15 -6.984919309616089044e-16 2.095475792884826713e-15 -4.656612873077392367e-16 0.000000000000000000e+00 -1.629814505577087378e-15 -2.328306436538696184e-16 -9.313225746154784735e-16 -4.656612873077392367e-16 4.656612873077392367e-16 4.656612873077392367e-16 6.984919309616089044e-16 2.328306436538696184e-16 2.328306436538696184e-16 6.984919309616089044e-16 0.000000000000000000e+00 2.328306436538696184e-16 4.656612873077392367e-16
3.722511315019801094e-06 -1.337891140975989456e-05 2.070468467473983695e-05 -1.034538362408056805e-05 1.558038475923240099e-07 4.793215529061854386e-07 -2.621354162693023578e-07 1.055402364581823292e-07 -3.788360301405191210e-08 1.261476962827146018e-08 -3.981177229434251437e-09 1.211294205859303425e-09 -3.596725873649120562e-10 1.050957944244146297e-10 -3.038090653717517617e-11 8.717644959688187357e-12 -2.496642991900444006e-12 7.119961082935333146e-13 -2.088490873575210597e-13 5.448237061500549218e-14 -1.396983861923217809e-14 2.793967723846435618e-15 -6.984919309616089044e-16 -6.984919309616089044e-16 4.656612873077392367e-16 -2.561137080192565851e-15 0.000000000000000000e+00 3.026798367500304990e-15 -2.328306436538696480e-15 -1.396983861923217809e-15 9.313225746154784735e-16 1.396983861923217809e-15 -4.656612873077392367e-16 2.328306436538696184e-16 1.396983861923217809e-15 -6.984919309616089044e-16 4.656612873077392367e-16 4.656612873077392367e-16 4.656612873077392367e-16 1.862645149230956947e-15 -1.629814505577087378e-15 0.000000000000000000e+00 -2.328306436538696184e-16 -2.328306436538696184e-16 -2.328306436538696184e-16 4.656612873077392367e-16 0.000000000000000000e+00 2.328306436538696184e-16 0.000000000000000000e+00 2.328306436538696184e-16
-5.766099016182124340e-07 1.018013141117989949e-06 -1.034538362408056805e-05 1.905652941390872010e-05 -9.752775306813418475e-06 4.894905793480574917e-08 4.883028715848922216e-07 -2.632972972933202806e-07 1.066488504875451262e-07 -3.785454062744975003e-08 1.241265446878969704e-08 -3.873521927744150044e-09 1.171350711956620209e-09 -3.471060190349817394e-10 1.014880836009979243e-10 -2.940744161605834952e-11 8.494127541780471927e-12 -2.437271177768707246e-12 7.289927452802658320e-13 -1.867301762104034374e-13 4.889443516731262410e-14 -9.313225746154785918e-15 4.423782229423523193e-15 -2.328306436538696480e-15 -2.095475792884826713e-15 1.629814505577087378e-15 2.328306436538696480e-15 -2.561137080192565851e-15 3.259629011154174756e-15 -2.328306436538696184e-16 -9.313225746154784735e-16 -6.984919309616089044e-16 -6.984919309616089044e-16 2.328306436538696184e-16 3.725290298461913894e-15 4.656612873077392367e-16 9.313225746154784735e-16 -9.313225746154784735e-16 6.984919309616089044e-16 6.984919309616089044e-16 2.328306436538696184e-16 0.000000000000000000e+00 -2.328306436538696184e-16 6.984919309616089044e-16 4.656612873077392367e-16 -6.984919309616089044e-16 -2.328306436538696184e-16 2.328306436538696184e-16 -6.984919309616089044e-16 2.328306436538696184e-16
4.306317912414670147e-08 2.401362932287156556e-07 1.558038475923240099e-07 -9.752775306813418475e-06 1.847831311076879345e-05 -9.466494847787543666e-06 7.315496122464537963e-08 4.753347614314406994e-07 -2.624818028416484421e-07 1.051249350421130611e-07 -3.670279053039848605e-08 1.190040796063840380e-08 -3.693899838253855583e-09 1.115981955081224410e-09 -3.312896005809307301e-10 9.720516391098499368e-11 -2.839625813066959380e-11 8.213799446821212038e-12 -2.483138814568519391e-12 6.565824151039123591e-13 -1.732259988784789988e-13 4.377216100692748766e-14 -2.188608050346374383e-14 1.117587089538574247e-14 -2.095475792884826713e-15 9.313225746154784735e-16 -9.313225746154784735e-16 -2.328306436538696184e-16 -2.328306436538696184e-16 6.984919309616089044e-16 2.328306436538696480e-15 -9.313225746154784735e-16 2.095475792884826713e-15 -1.396983861923217809e-15 -2.328306436538696184e-16 -9.313225746154784735e-16 -6.984919309616089044e-16 1.396983861923217809e-15 -4.656612873077392367e-16 0.000000000000000000e+00 -1.164153218269348240e-15 9.313225746154784735e-16 2.328306436538696184e-16 0.000000000000000000e+00 0.000000000000000000e+00 2.328306436538696184e-16 0.000000000000000000e+00 0.000000000000000000e+00 -2.328306436538696184e-16 -2.328306436538696184e-16
1.760217105038463914e-08 -1.983459182083606703e-07 4.793215529061854386e-07 4.894905793480574917e-08 -9.466494847787543666e-06 1.799983194656669942e-05 -9.246585954912006506e-06 5.517252394929528520e-08 4.908073628321290304e-07 -2.619483382441103353e-07 1.022733943536877576e-07 -3.519607149064540876e-08 1.134257949888706258e-08 -3.518147626891732244e-09 1.065371790900826493e-09 -3.176240716129541353e-10 9.406032040715217864e-11 -2.751802094280719813e-11 8.448725566267967180e-12 -2.218876034021377628e-12 5.881302058696746904e-13 -1.373700797557830880e-13 7.427297532558441206e-14 -3.282912075519562048e-14 6.286427378654479745e-15 -2.328306436538696480e-15 -3.492459654808044522e-15 -2.328306436538696480e-15 -3.725290298461913894e-15 -1.164153218269348240e-15 -2.793967723846435618e-15 6.984919309616089044e-16 0.000000000000000000e+00 -4.656612873077392367e-16 -9.313225746154784735e-16 -2.561137080192565851e-15 -4.656612873077392367e-16 -2.328306436538696184e-16 -4.656612873077392367e-16 -1.629814505577087378e-15 6.984919309616089044e-16 2.095475792884826713e-15 -1.164153218269348240e-15 -4.656612873077392367e-16 -2.328306436538696184e-16 -2.328306436538696184e-16 -2.328306436538696184e-16 -2.328306436538696184e-16 2.328306436538696184e-16 -2.328306436538696184e-16
-1.220845431089401177e-08 8.755017328076064297e-08 -2.621354162693023578e-07 4.883028715848922216e-07 7.315496122464537963e-08 -9.246585954912006506e-06 1.785524715110659507e-05 -9.322018526960164716e-06 2.334675285965204169e-08 4.820936764590442563e-07 -2.496210101526230474e-07 9.622854995541274461e-08 -3.300679475069045984e-08 1.065804390236735383e-08 -3.321421798318624347e-09 1.012274995446205087e-09 -3.053243272006511743e-10 9.063282050192356754e-11 -2.835877239704132208e-11 7.432652637362480161e-12 -1.966021955013275174e-12 4.661269485950469676e-13 -2.561137080192566072e-13 1.103617250919341982e-13 -3.096647560596466235e-14 9.313225746154785918e-15 9.313225746154784735e-16 2.328306436538696184e-16 -2.328306436538696480e-15 1.164153218269348240e-15 -2.328306436538696184e-16 2.328306436538696184e-16 0.000000000000000000e+00 3.725290298461913894e-15 -2.328306436538696184e-16 -9.313225746154784735e-16 -2.328306436538696184e-16 4.423782229423523193e-15 2.793967723846435618e-15 -2.328306436538696480e-15 -2.328306436538696184e-16 -9.313225746154784735e-16 -2.793967723846435618e-15 2.328306436538696184e-16 2.328306436538696184e-16 4.656612873077392367e-16 4.656612873077392367e-16 -2.328306436538696184e-16 -2.328306436538696184e-16 2.328306436538696184e-16
5.249410169199108949e-09 -3.253965522162616213e-08 1.055402364581823292e-07 -2.632972972933202806e-07 4.753347614314406994e-07 5.517252394929528520e-08 -9.322018526960164716e-06 1.774762663245201084e-05 -9.424757510423660664e-06 1.068684980273246817e-07 4.226945100817829205e-07 -2.235417957417666853e-07 8.712422056123614001e-08 -3.019935707561671829e-08 9.854701580479740669e-09 -3.104530274868011665e-09 9.612550493329763622e-10 -2.910932525992393268e-10 9.341188706457614301e-11 -2.444675192236900193e-11 6.476882845163345099e-12 -1.506414264440536512e-12 8.940696716308593977e-13 -3.972090780735015988e-13 1.084990799427032464e-13 -2.840533852577209413e-14 1.024454832077026341e-14 -3.492459654808044522e-15 -2.095475792884826713e-15 -2.095475792884826713e-15 2.328306436538696480e-15 -2.328306436538696184e-16 1.396983861923217809e-15 -6.984919309616089044e-16 -9.313225746154784735e-16 -4.656612873077392367e-16 -1.862645149230956947e-15 -1.164153218269348240e-15 -4.656612873077392367e-16 -6.984919309616089044e-16 1.396983861923217809e-15 0.000000000000000000e+00 6.984919309616089044e-16 -2.328306436538696184e-16 -9.313225746154784735e-16 9.313225746154784735e-16 4.656612873077392367e-16 0.000000000000000000e+00 -2.328306436538696184e-16 0.000000000000000000e+00
-1.943307928740978235e-09 1.118554803542792715e-08 -3.788360301405191210e-08 1.066488504875451262e-07 -2.624818028416484421e-07 4.908073628321290304e-07 2.334675285965204169e-08 -9.424757510423660664e-06 1.642487956583499868e-05 -9.764859859133139672e-06 3.260720679536461666e-07 3.263749848119914630e-07 -1.898901043459772993e-07 7.672983291558921211e-08 -2.721931645646691411e-08 9.049635147675872590e-09 -2.914967946708202165e-09 9.082297328859567593e-10 -3.015820402652025269e-10 7.875310257077216802e-11 -2.085557207465171834e-11 4.750210791826248168e-12 -3.108289092779159722e-12 1.422129571437835627e-12 -3.899913281202316416e-13 1.105945557355880735e-13 -3.376044332981109639e-14 1.001171767711639443e-14 -3.026798367500304990e-15 -2.561137080192565851e-15 0.000000000000000000e+00 -4.656612873077392367e-16 -3.492459654808044522e-15 -1.164153218269348240e-15 1.164153218269348240e-15 0.000000000000000000e+00 9.313225746154784735e-16 6.984919309616089044e-16 -3.026798367500304990e-15 4.656612873077392367e-16 1.629814505577087378e-15 -2.793967723846435618e-15 1.164153218269348240e-15 3.026798367500304990e-15 -4.656612873077392367e-16 -9.313225746154784735e-16 2.328306436538696184e-16 0.000000000000000000e+00 0.000000000000000000e+00 -4.656612873077392367e-16
6.580851040780544332e-10 -3.628920530900359213e-09 1.261476962827146018e-08 -3.785454062744975003e-08 1.051249350421130611e-07 -2.619483382441103353e-07 4.820936764590442563e-07 1.068684980273246817e-07 -9.764859859133139672e-06 1.329549141600727962e-05 -1.020947761368006437e-05 5.821171475108712473e-07 2.285604423377662910e-07 -1.584816104732453717e-07 6.755859241820871897e-08 -2.473204280249774444e-08 8.478466887027025183e-09 -2.752785105258226322e-09 9.571488481014966175e-10 -2.491630148142576123e-10 6.595486775040627126e-11 -1.455238088965416001e-11 1.079798676073551214e-11 -5.117384716868400233e-12 1.396518200635910001e-12 -3.927852958440780441e-13 1.138541847467422392e-13 -2.980232238769531115e-14 1.001171767711639443e-14 -6.984919309616089044e-16 -1.164153218269348240e-15 1.862645149230956947e-15 -6.984919309616089044e-16 -6.984919309616089044e-16 2.561137080192565851e-15 -4.889443516731261936e-15 -1.629814505577087378e-15 -1.396983861923217809e-15 6.984919309616089044e-16 -2.328306436538696184e-16 4.656612873077392367e-16 0.000000000000000000e+00 4.656612873077392367e-16 1.862645149230956947e-15 0.000000000000000000e+00 -2.328306436538696184e-16 -4.656612873077392367e-16 2.328306436538696184e-16 2.328306436538696184e-16 6.984919309616089044e-16
-2.097405958920717218e-10 1.126124989241361572e-09 -3.981177229434251437e-09 1.241265446878969704e-08 -3.670279053039848605e-08 1.022733943536877576e-07 -2.496210101526230474e-07 4.226945100817829205e-07 3.260720679536461666e-07 -1.020947761368006437e-05 9.567550592124461343e-06 -1.035903391218744207e-05 7.412738369312136871e-07 1.663695615716278566e-07 -1.389105829875916175e-07 6.218674173578619405e-08 -2.364029292948543956e-08 8.148918393999338526e-09 -3.009940730407834158e-09 7.803495973348617811e-10 -2.063824795186519686e-10 4.370673559606075216e-11 -3.758119419217109632e-11 1.839851029217243055e-11 -5.040084943175315758e-12 1.414213329553604220e-12 -4.111789166927337627e-13 1.154839992523193410e-13 -3.189779818058013826e-14 7.450580596923827788e-15 -1.629814505577087378e-15 9.313225746154784735e-16 -1.629814505577087378e-15 -1.862645149230956947e-15 3.259629011154174756e-15 6.984919309616089044e-16 9.313225746154784735e-16 6.984919309616089044e-16 9.313225746154784735e-16 4.656612873077392367e-16 9.313225746154784735e-16 -4.656612873077392367e-16 -2.328306436538696184e-16 2.328306436538696184e-16 0.000000000000000000e+00 -1.164153218269348240e-15 0.000000000000000000e+00 -2.328306436538696184e-16 4.656612873077392367e-16 0.000000000000000000e+00
6.420421414077281308e-11 -3.386184107512235791e-10 1.211294205859303425e-09 -3.873521927744150044e-09 1.190040796063840380e-08 -3.519607149064540876e-08 9.622854995541274461e-08 -2.235417957417666853e-07 3.263749848119914630e-07 5.821171475108712473e-07 -1.035903391218744207e-05 6.829355604946613202e-06 -1.002170898811891676e-05 7.517928872257470664e-07 1.527525302954018210e-07 -1.348236871417611741e-07 6.238528876565396396e-08 -2.355170994997024540e-08 9.418471483513713131e-09 -2.429666230455041055e-09 6.419168785214424176e-10 -1.288526691496372143e-10 1.315034460276365408e-10 -6.647198460996150942e-11 1.823087222874164479e-11 -5.133450031280517956e-12 1.494539901614189201e-12 -4.153698682785034169e-13 1.110602170228958115e-13 -2.863816916942596626e-14 1.047737896442413396e-14 -3.026798367500304990e-15 4.656612873077392367e-16 0.000000000000000000e+00 -3.026798367500304990e-15 4.656612873077392367e-16 4.423782229423523193e-15 6.984919309616089044e-16 3.026798367500304990e-15 -3.492459654808044522e-15 0.000000000000000000e+00 -2.095475792884826713e-15 2.793967723846435618e-15 1.164153218269348240e-15 6.984919309616089044e-16 0.000000000000000000e+00 -2.328306436538696184e-16 -2.328306436538696184e-16 0.000000000000000000e+00 2.328306436538696184e-16
-1.913937740027904471e-11 9.966176003217696679e-11 -3.596725873649120562e-10 1.171350711956620209e-09 -3.693899838253855583e-09 1.134257949888706258e-08 -3.300679475069045984e-08 8.712422056123614001e-08 -1.898901043459772993e-07 2.285604423377662910e-07 7.412738369312136871e-07 -1.002170898811891676e-05 5.811164941638707875e-06 -9.147154190810397409e-06 6.057437711860984763e-07 1.906965509988367485e-07 -1.498838365077972392e-07 6.590000842697918772e-08 -2.933915867470204896e-08 7.524054963141680000e-09 -1.985721522942185272e-09 3.715297207236289755e-10 -4.629697650671005215e-10 2.411243040114640963e-10 -6.620981730520724852e-11 1.868093386292457575e-11 -5.462672561407089284e-12 1.519685611128807025e-12 -4.027970135211944543e-13 1.112930476665496868e-13 -3.003515303134918013e-14 8.847564458847046386e-15 -2.793967723846435618e-15 1.862645149230956947e-15 4.656612873077392367e-16 9.313225746154784735e-16 -1.396983861923217809e-15 1.629814505577087378e-15 4.656612873077392367e-16 2.328306436538696184e-16 -6.984919309616089044e-16 2.328306436538696184e-16 2.328306436538696184e-16 0.000000000000000000e+00 -2.328306436538696184e-16 6.984919309616089044e-16 0.000000000000000000e+00 -9.313225746154784735e-16 6.984919309616089044e-16 -2.328306436538696184e-16
5.609821528196335033e-12 -2.891826443374156811e-11 1.050957944244146297e-10 -3.471060190349817394e-10 1.115981955081224410e-09 -3.518147626891732244e-09 1.065804390236735383e-08 -3.019935707561671829e-08 7.672983291558921211e-08 -1.584816104732453717e-07 1.663695615716278566e-07 7.517928872257470664e-07 -9.147154190810397409e-06 6.793944664299487661e-06 -7.895276841241865795e-06 3.319768318906426283e-07 -1.007200359343551056e-05 1.013306941930204575e-05 9.012751281261443981e-08 -2.294094976969063391e-08 6.047287490218878087e-09 -1.023170771077275374e-09 1.635472057387232797e-09 -8.768150582909584086e-10 2.410595770925283204e-10 -6.813113577663898933e-11 1.996452920138835995e-11 -5.576759576797485600e-12 1.460779458284378066e-12 -4.128087311983108645e-13 1.166481524705886922e-13 -2.956949174404144217e-14 5.820766091346741002e-15 -1.862645149230956947e-15 1.164153218269348240e-15 -3.026798367500304990e-15 9.313225746154784735e-16 4.190951585769653426e-15 -4.656612873077392367e-16 2.328306436538696184e-16 2.328306436538696184e-16 9.313225746154784735e-16 1.396983861923217809e-15 -2.328306436538696184e-16 0.000000000000000000e+00 2.328306436538696184e-16 -2.328306436538696184e-16 2.328306436538696184e-16 -2.328306436538696184e-16 0.000000000000000000e+00
-1.624925062060356131e-12 8.308328688144683941e-12 -3.038090653717517617e-11 1.014880836009979243e-10 -3.312896005809307301e-10 1.065371790900826493e-09 -3.321421798318624347e-09 9.854701580479740669e-09 -2.721931645646691411e-08 6.755859241820871897e-08 -1.389105829875916175e-07 1.527525302954018210e-07 6.057437711860984763e-07 -7.895276841241865795e-06 9.056170776486396472e-06 3.088020810158923088e-06 1.034422051045112389e-05 -2.612694997806102038e-07 -2.655786159448325675e-07 6.685168435797094711e-08 -1.759426901116967290e-08 2.494574757292866681e-09 -5.765867652371526134e-09 3.187464317306875996e-09 -8.773996960371733106e-10 2.484491560608148450e-10 -7.299310527741908471e-11 2.040644176304340378e-11 -5.353707820177078375e-12 1.516658812761306722e-12 -4.186294972896575700e-13 1.187436282634735193e-13 -3.166496753692626928e-14 1.071020960807800294e-14 -5.122274160385131703e-15 6.984919309616089044e-16 -2.793967723846435618e-15 -3.725290298461913894e-15 -2.793967723846435618e-15 6.984919309616089044e-16 -4.656612873077392367e-16 2.328306436538696184e-16 -4.656612873077392367e-16 0.000000000000000000e+00 4.656612873077392367e-16 2.328306436538696184e-16 -9.313225746154784735e-16 -4.656612873077392367e-16 -9.313225746154784735e-16 2.328306436538696184e-16
4.684552550315856700e-13 -2.373475581407546982e-12 8.717644959688187357e-12 -2.940744161605834952e-11 9.720516391098499368e-11 -3.176240716129541353e-10 1.012274995446205087e-09 -3.104530274868011665e-09 9.049635147675872590e-09 -2.473204280249774444e-08 6.218674173578619405e-08 -1.348236871417611741e-07 1.906965509988367485e-07 3.319768318906426283e-07 3.088020810158923088e-06 5.292087940126657763e-05 -6.329101723153144085e-06 -4.420940461568534515e-08 -7.995555515633895568e-06 9.376247593434527337e-06 -8.766738902311771802e-06 -9.921373822726308896e-08 2.084958786144852699e-08 -1.173537201248109334e-08 3.233342897146940348e-09 -9.166807867586612190e-10 2.697436138987540973e-10 -7.546856068074703367e-11 1.981644891202449940e-11 -5.608890205621719431e-12 1.563690602779388369e-12 -4.319008439779281837e-13 1.199077814817428705e-13 -3.119930624961853133e-14 1.001171767711639443e-14 -3.259629011154174756e-15 0.000000000000000000e+00 -2.095475792884826713e-15 2.328306436538696480e-15 -2.328306436538696184e-16 2.328306436538696184e-16 -4.656612873077392367e-16 -9.313225746154784735e-16 -6.984919309616089044e-16 9.313225746154784735e-16 0.000000000000000000e+00 2.328306436538696184e-16 6.984919309616089044e-16 0.000000000000000000e+00 0.000000000000000000e+00
-1.341104507446289096e-13 6.770715117454528796e-13 -2.496642991900444006e-12 8.494127541780471927e-12 -2.839625813066959380e-11 9.406032040715217864e-11 -3.053243272006511743e-10 9.612550493329763622e-10 -2.914967946708202165e-09 8.478466887027025183e-09 -2.364029292948543956e-08 6.238528876565396396e-08 -1.498838365077972392e-07 -1.007200359343551056e-05 1.034422051045112389e-05 -6.329101723153144085e-06 4.686041500791907077e-05 -1.719771199859678840e-07 6.316659576026722958e-06 6.840415418148040606e-06 -1.382740487228147651e-05 1.364170748274773391e-07 -8.335648919455707136e-08 4.534236364997923206e-08 -1.248704292811453397e-08 3.535137977451085907e-09 -1.037750393152236980e-09 2.900704275816679079e-10 -7.621967233717441864e-11 2.154521644115447841e-11 -5.996087566018104922e-12 1.651467755436897358e-12 -4.516914486885071036e-13 1.243315637111663747e-13 -3.236345946788787621e-14 8.847564458847046386e-15 -4.423782229423523193e-15 1.862645149230956947e-15 1.396983861923217809e-15 -4.656612873077392367e-16 -2.328306436538696184e-16 9.313225746154784735e-16 -2.328306436538696184e-16 -9.313225746154784735e-16 0.000000000000000000e+00 -2.328306436538696184e-16 -4.656612873077392367e-16 -6.984919309616089044e-16 9.313225746154784735e-16 0.000000000000000000e+00
3.958120942115783976e-14 -1.892913132905960151e-13 7.119961082935333146e-13 -2.437271177768707246e-12 8.213799446821212038e-12 -2.751802094280719813e-11 9.063282050192356754e-11 -2.910932525992393268e-10 9.082297328859567593e-10 -2.752785105258226322e-09 8.148918393999338526e-09 -2.355170994997024540e-08 6.590000842697918772e-08 1.013306941930204575e-05 -2.612694997806102038e-07 -4.420940461568534515e-08 -1.719771199859678840e-07 8.939604065567254996e-05 -1.607553030387498503e-05 9.556587484898046385e-06 1.374914446822367615e-05 3.829732653684913797e-08 2.567897473927587425e-07 -1.140667607542127355e-07 4.278962174430489362e-08 -1.217963616363704139e-08 3.603930817916989145e-09 -1.011090585961937941e-09 2.654485870152711922e-10 -7.537845522165298002e-11 2.104323357343673753e-11 -5.810521543025970230e-12 1.597683876752853404e-12 -4.372559487819671387e-13 1.208391040563583464e-13 -3.329478204250335843e-14 1.001171767711639443e-14 -2.328306436538696480e-15 4.656612873077392367e-16 -1.164153218269348240e-15 -6.984919309616089044e-16 1.862645149230956947e-15 1.396983861923217809e-15 -1.862645149230956947e-15 6.984919309616089044e-16 -4.656612873077392367e-16 0.000000000000000000e+00 2.328306436538696184e-16 -2.328306436538696184e-16 -4.656612873077392367e-16
-8.847564458847046386e-15 5.518086254596709911e-14 -2.088490873575210597e-13 7.289927452802658320e-13 -2.483138814568519391e-12 8.448725566267967180e-12 -2.835877239704132208e-11 9.341188706457614301e-11 -3.015820402652025269e-10 9.571488481014966175e-10 -3.009940730407834158e-09 9.418471483513713131e-09 -2.933915867470204896e-08 9.012751281261443981e-08 -2.655786159448325675e-07 -7.995555515633895568e-06 6.316659576026722958e-06 -1.607553030387498503e-05 2.433660275116562838e-05 -1.962696161284111426e-05 7.164668485056608392e-07 -4.656109864125028393e-06 -9.115515428129583620e-07 5.320889798458665804e-07 -1.565794548951089437e-07 4.464245610870420830e-08 -1.323939324356615520e-08 3.718561027199029823e-09 -9.762849658727646275e-10 2.776365727186202874e-10 -7.757428102195262977e-11 2.143089659512043042e-11 -5.893409252166748318e-12 1.615611836314201321e-12 -4.451721906661987470e-13 1.206062734127044711e-13 -3.469176590442657230e-14 8.847564458847046386e-15 -3.026798367500304990e-15 6.984919309616089044e-16 4.656612873077392367e-16 0.000000000000000000e+00 6.984919309616089044e-16 2.328306436538696184e-16 0.000000000000000000e+00 2.328306436538696184e-16 -2.328306436538696184e-16 -4.656612873077392367e-16 -6.984919309616089044e-16 0.000000000000000000e+00
4.190951585769653426e-15 -1.583248376846313464e-14 5.448237061500549218e-14 -1.867301762104034374e-13 6.565824151039123591e-13 -2.218876034021377628e-12 7.432652637362480161e-12 -2.444675192236900193e-11 7.875310257077216802e-11 -2.491630148142576123e-10 7.803495973348617811e-10 -2.429666230455041055e-09 7.524054963141680000e-09 -2.294094976969063391e-08 6.685168435797094711e-08 9.376247593434527337e-06 6.840415418148040606e-06 9.556587484898046385e-06 -1.962696161284111426e-05 5.491832177713513433e-05 2.428492353064939539e-05 6.856451727449894172e-06 3.330831135157495946e-06 -2.019314027391374158e-06 5.332035021856427632e-07 -1.652647391892969586e-07 4.907389706932008137e-08 -1.379306335002183857e-08 3.622000338509678997e-09 -1.030926825478672977e-09 2.882385160773992649e-10 -7.966882549226284188e-11 2.192403189837932510e-11 -6.018672138452530245e-12 1.651700586080551057e-12 -4.514586180448532031e-13 1.220032572746276976e-13 -3.655441105365753043e-14 9.546056389808654896e-15 -2.793967723846435618e-15 3.958120942115783660e-15 -3.259629011154174756e-15 2.793967723846435618e-15 0.000000000000000000e+00 -4.656612873077392367e-16 0.000000000000000000e+00 -2.328306436538696184e-16 6.984919309616089044e-16 0.000000000000000000e+00 0.000000000000000000e+00
-4.656612873077392367e-16 6.053596735000609979e-15 -1.396983861923217809e-14 4.889443516731262410e-14 -1.732259988784789988e-13 5.881302058696746904e-13 -1.966021955013275174e-12 6.476882845163345099e-12 -2.085557207465171834e-11 6.595486775040627126e-11 -2.063824795186519686e-10 6.419168785214424176e-10 -1.985721522942185272e-09 6.047287490218878087e-09 -1.759426901116967290e-08 -8.766738902311771802e-06 -1.382740487228147651e-05 1.374914446822367615e-05 7.164668485056608392e-07 2.428492353064939539e-05 -2.578546404838561820e-07 -2.235817490494810102e-05 -7.372719150036573142e-06 4.140380110358819511e-06 -1.999665154609829108e-06 5.738297237548977308e-07 -1.717480523511767502e-07 4.844977590255439339e-08 -1.271359552629292077e-08 3.634826280176639377e-09 -1.019393559545278624e-09 2.824119292199611600e-10 -7.788185030221939542e-11 2.142903394997119760e-11 -5.888752639293670308e-12 1.618405804038047724e-12 -4.472676664590835489e-13 1.196749508380889952e-13 -2.863816916942596626e-14 8.847564458847046386e-15 -3.259629011154174756e-15 2.328306436538696184e-16 -1.862645149230956947e-15 0.000000000000000000e+00 9.313225746154784735e-16 9.313225746154784735e-16 -4.656612873077392367e-16 -4.656612873077392367e-16 2.328306436538696184e-16 6.984919309616089044e-16
2.328306436538696184e-16 -1.396983861923217809e-15 2.793967723846435618e-15 -9.313225746154785918e-15 4.377216100692748766e-14 -1.373700797557830880e-13 4.661269485950469676e-13 -1.506414264440536512e-12 4.750210791826248168e-12 -1.455238088965416001e-11 4.370673559606075216e-11 -1.288526691496372143e-10 3.715297207236289755e-10 -1.023170771077275374e-09 2.494574757292866681e-09 -9.921373822726308896e-08 1.364170748274773391e-07 3.829732653684913797e-08 -4.656109864125028393e-06 6.856451727449894172e-06 -2.235817490494810102e-05 9.556754246726632601e-05 -4.382420724933035384e-05 -1.584966270672157475e-05 1.432441831682808691e-05 -7.313338841777295140e-07 2.640708929393440418e-07 -8.012766763567924573e-08 2.055849996395409116e-08 -6.389784859493374593e-09 1.890070969238877460e-09 -5.434162449091672902e-10 1.545732375234365475e-10 -4.371372051537036878e-11 1.232628710567951248e-11 -3.463588654994964677e-12 9.709037840366363748e-13 -2.710148692131042723e-13 7.497146725654602530e-14 -2.165324985980987485e-14 5.122274160385131703e-15 0.000000000000000000e+00 1.164153218269348240e-15 0.000000000000000000e+00 0.000000000000000000e+00 -2.328306436538696184e-16 4.656612873077392367e-16 -6.984919309616089044e-16 4.656612873077392367e-16 2.328306436538696184e-16
-2.328306436538696184e-16 1.396983861923217809e-15 -6.984919309616089044e-16 4.423782229423523193e-15 -2.188608050346374383e-14 7.427297532558441206e-14 -2.561137080192566072e-13 8.940696716308593977e-13 -3.108289092779159722e-12 1.079798676073551214e-11 -3.758119419217109632e-11 1.315034460276365408e-10 -4.629697650671005215e-10 1.635472057387232797e-09 -5.765867652371526134e-09 2.084958786144852699e-08 -8.335648919455707136e-08 2.567897473927587425e-07 -9.115515428129583620e-07 3.330831135157495946e-06 -7.372719150036573142e-06 -4.382420724933035384e-05 9.663280370458960766e-05 -3.536722417059354157e-05 -6.404886870644986250e-06 -7.860129757318645516e-07 -4.562655254267156128e-08 4.794072569347918223e-08 8.029155430151150097e-06 5.956061650067567747e-09 -2.281081629917025687e-09 7.552285678684711867e-10 -2.376344054937362633e-10 7.277913391590117779e-11 -2.194242551922798304e-11 6.530666723847389458e-12 -1.924112439155578732e-12 5.655456334352493681e-13 -1.662410795688629169e-13 4.796311259269714188e-14 -1.466833055019378660e-14 3.259629011154174756e-15 -9.313225746154784735e-16 1.164153218269348240e-15 -1.164153218269348240e-15 2.328306436538696184e-16 -6.984919309616089044e-16 0.000000000000000000e+00 2.328306436538696184e-16 -2.328306436538696184e-16
1.396983861923217809e-15 6.984919309616089044e-16 -6.984919309616089044e-16 -2.328306436538696480e-15 1.117587089538574247e-14 -3.282912075519562048e-14 1.103617250919341982e-13 -3.972090780735015988e-13 1.422129571437835627e-12 -5.117384716868400233e-12 1.839851029217243055e-11 -6.647198460996150942e-11 2.411243040114640963e-10 -8.768150582909584086e-10 3.187464317306875996e-09 -1.173537201248109334e-08 4.534236364997923206e-08 -1.140667607542127355e-07 5.320889798458665804e-07 -2.019314027391374158e-06 4.140380110358819511e-06 -1.584966270672157475e-05 -3.536722417059354157e-05 5.262822340987622938e-05 4.949751203879713747e-06 1.025496002053841934e-06 6.702443966642022190e-07 -3.130311011336743604e-07 -1.276539003523066587e-05 8.002994691021739717e-06 -8.034941498655826599e-06 -3.514483338221907482e-09 1.073647290468215901e-09 -3.217482008039951489e-10 9.534880518913268930e-11 -2.798251807689666729e-11 8.155824616551398681e-12 -2.372078597545623579e-12 6.926711648702621958e-13 -1.974403858184814482e-13 5.750916898250579520e-14 -1.769512891769409277e-14 6.519258022308349512e-15 0.000000000000000000e+00 0.000000000000000000e+00 -6.984919309616089044e-16 2.328306436538696184e-16 0.000000000000000000e+00 -2.328306436538696184e-16 0.000000000000000000e+00
1.164153218269348240e-15 9.313225746154784735e-16 4.656612873077392367e-16 -2.095475792884826713e-15 -2.095475792884826713e-15 6.286427378654479745e-15 -3.096647560596466235e-14 1.084990799427032464e-13 -3.899913281202316416e-13 1.396518200635910001e-12 -5.040084943175315758e-12 1.823087222874164479e-11 -6.620981730520724852e-11 2.410595770925283204e-10 -8.773996960371733106e-10 3.233342897146940348e-09 -1.248704292811453397e-08 4.278962174430489362e-08 -1.565794548951089437e-07 5.332035021856427632e-07 -1.999665154609829108e-06 1.432441831682808691e-05 -6.404886870644986250e-06 4.949751203879713747e-06 8.737409110553562579e-05 -1.330230540689080932e-05 -5.190410550916567408e-06 -2.016504927072674099e-05 4.696238133357837725e-06 -4.450867917155846868e-06 -1.935024466365575661e-08 7.219024235382675777e-09 -2.435617614537477552e-09 7.824553176760673385e-10 -2.445206046104431223e-10 7.481337524950504845e-11 -2.257083542644977555e-11 6.767222657799720894e-12 -2.021901309490204031e-12 5.988404154777527012e-13 -1.757871359586715765e-13 5.122274160385132018e-14 -1.466833055019378660e-14 3.958120942115783660e-15 -1.164153218269348240e-15 4.656612873077392367e-16 -4.656612873077392367e-16 -2.328306436538696184e-16 0.000000000000000000e+00 4.656612873077392367e-16
-4.656612873077392367e-16 0.000000000000000000e+00 -2.561137080192565851e-15 1.629814505577087378e-15 9.313225746154784735e-16 -2.328306436538696480e-15 9.313225746154785918e-15 -2.840533852577209413e-14 1.105945557355880735e-13 -3.927852958440780441e-13 1.414213329553604220e-12 -5.133450031280517956e-12 1.868093386292457575e-11 -6.813113577663898933e-11 2.484491560608148450e-10 -9.166807867586612190e-10 3.535137977451085907e-09 -1.217963616363704139e-08 4.464245610870420830e-08 -1.652647391892969586e-07 5.738297237548977308e-07 -7.313338841777295140e-07 -7.860129757318645516e-07 1.025496002053841934e-06 -1.330230540689080932e-05 -2.927323078177869275e-05 -2.697210810333490320e-05 5.600224484456702863e-06 5.535380881512537915e-06 -1.039557538158260239e-05 8.183904853649437455e-08 -2.956363139674067432e-08 9.807669091969728575e-09 -3.117125714197754755e-09 9.665873367339373310e-10 -2.940213307738304244e-10 8.829846046864986251e-11 -2.637226134538650366e-11 7.844530045986175473e-12 -2.317363396286964426e-12 6.805639714002608827e-13 -1.990702003240585247e-13 5.750916898250579520e-14 -1.653097569942474473e-14 3.958120942115783660e-15 -4.656612873077392367e-16 6.984919309616089044e-16 -2.328306436538696184e-16 2.328306436538696184e-16 4.656612873077392367e-16
2.095475792884826713e-15 -1.396983861923217809e-15 0.000000000000000000e+00 2.328306436538696480e-15 -9.313225746154784735e-16 -3.492459654808044522e-15 9.313225746154784735e-16 1.024454832077026341e-14 -3.376044332981109639e-14 1.138541847467422392e-13 -4.111789166927337627e-13 1.494539901614189201e-12 -5.462672561407089284e-12 1.996452920138835995e-11 -7.299310527741908471e-11 2.697436138987540973e-10 -1.037750393152236980e-09 3.603930817916989145e-09 -1.323939324356615520e-08 4.907389706932008137e-08 -1.717480523511767502e-07 2.640708929393440418e-07 -4.562655254267156128e-08 6.702443966642022190e-07 -5.190410550916567408e-06 -2.697210810333490320e-05 -5.284853895008564332e-05 -3.370629333262331996e-05 1.274262515665031967e-05 1.469158328999765226e-05 -1.111254170536994947e-07 5.853027687408030139e-08 -2.281225705519318491e-08 7.965944474563002217e-09 -2.632604911923408690e-09 8.383539970964193831e-10 -2.608019858598709154e-10 8.019618690013886055e-11 -2.443790435791015572e-11 7.371651008725166703e-12 -2.202810719609260713e-12 6.509944796562194532e-13 -1.902226358652114910e-13 5.494803190231323013e-14 -1.722946763038635166e-14 4.656612873077392959e-15 -1.629814505577087378e-15 4.656612873077392367e-16 2.328306436538696184e-16 4.656612873077392367e-16
0.000000000000000000e+00 4.656612873077392367e-16 3.026798367500304990e-15 -2.561137080192565851e-15 -2.328306436538696184e-16 -2.328306436538696480e-15 2.328306436538696184e-16 -3.492459654808044522e-15 1.001171767711639443e-14 -2.980232238769531115e-14 1.154839992523193410e-13 -4.153698682785034169e-13 1.519685611128807025e-12 -5.576759576797485600e-12 2.040644176304340378e-11 -7.546856068074703367e-11 2.900704275816679079e-10 -1.011090585961937941e-09 3.718561027199029823e-09 -1.379306335002183857e-08 4.844977590255439339e-08 -8.012766763567924573e-08 4.794072569347918223e-08 -3.130311011336743604e-07 -2.016504927072674099e-05 5.600224484456702863e-06 -3.370629333262331996e-05 5.998854301869869165e-07 1.328438246273435675e-05 -5.478102718945592878e-06 5.622557552997022931e-07 -2.583376185502857117e-07 9.597884723916649209e-08 -3.268248564563691465e-08 1.062915683723986220e-08 -3.347694640979170952e-09 1.032947329804301198e-09 -3.155362792313098986e-10 9.561795741319656034e-11 -2.870708703994751042e-11 8.539529517292976674e-12 -2.522254362702369833e-12 7.383059710264206415e-13 -2.169981598854064928e-13 6.193295121192932470e-14 -1.653097569942474473e-14 5.122274160385131703e-15 -1.629814505577087378e-15 0.000000000000000000e+00 -6.984919309616089044e-16
4.656612873077392367e-16 -1.396983861923217809e-15 -2.328306436538696480e-15 3.259629011154174756e-15 -2.328306436538696184e-16 -3.725290298461913894e-15 -2.328306436538696480e-15 -2.095475792884826713e-15 -3.026798367500304990e-15 1.001171767711639443e-14 -3.189779818058013826e-14 1.110602170228958115e-13 -4.027970135211944543e-13 1.460779458284378066e-12 -5.353707820177078375e-12 1.981644891202449940e-11 -7.621967233717441864e-11 2.654485870152711922e-10 -9.762849658727646275e-10 3.622000338509678997e-09 -1.271359552629292077e-08 2.055849996395409116e-08 8.029155430151150097e-06 -1.276539003523066587e-05 4.696238133357837725e-06 5.535380881512537915e-06 1.274262515665031967e-05 1.328438246273435675e-05 2.545326342992484489e-05 1.244437629962340049e-05 -8.702967084711417010e-06 6.002557142637669795e-07 -2.611917499452829622e-07 9.615439106710254980e-08 -3.280099527910351573e-08 1.066815108060836866e-08 -3.370143938809633209e-09 1.048919046297669487e-09 -3.227065317332744783e-10 9.808270260691643351e-11 -2.948776818811893732e-11 8.781440556049346813e-12 -2.588378265500068698e-12 7.562339305877685591e-13 -2.186279743909835693e-13 6.263144314289092532e-14 -1.792795956134796175e-14 5.820766091346741002e-15 -1.862645149230956947e-15 6.984919309616089044e-16
-1.164153218269348240e-15 -6.984919309616089044e-16 -1.396983861923217809e-15 -2.328306436538696184e-16 6.984919309616089044e-16 -1.164153218269348240e-15 1.164153218269348240e-15 -2.095475792884826713e-15 -2.561137080192565851e-15 -6.984919309616089044e-16 7.450580596923827788e-15 -2.863816916942596626e-14 1.112930476665496868e-13 -4.128087311983108645e-13 1.516658812761306722e-12 -5.608890205621719431e-12 2.154521644115447841e-11 -7.537845522165298002e-11 2.776365727186202874e-10 -1.030926825478672977e-09 3.634826280176639377e-09 -6.389784859493374593e-09 5.956061650067567747e-09 8.002994691021739717e-06 -4.450867917155846868e-06 -1.039557538158260239e-05 1.469158328999765226e-05 -5.478102718945592878e-06 1.244437629962340049e-05 6.116811392828822524e-05 -1.515603888407349562e-05 -5.588107167277485422e-07 5.270778608974068949e-07 -2.398128781933337207e-07 9.078127425163984220e-08 -3.141274978406727165e-08 1.034818892367184126e-08 -3.323420183733105460e-09 1.047621946781873626e-09 -3.245209809392690701e-10 9.905407205224036678e-11 -2.986518666148185617e-11 8.896924555301666937e-12 -2.618413418531418030e-12 7.604248821735381628e-13 -2.193264663219451952e-13 6.309710443019866327e-14 -1.746229827404022064e-14 4.656612873077392959e-15 -4.656612873077392367e-16
4.656612873077392367e-16 -1.862645149230956947e-15 9.313225746154784735e-16 -9.313225746154784735e-16 2.328306436538696480e-15 -2.793967723846435618e-15 -2.328306436538696184e-16 2.328306436538696480e-15 0.000000000000000000e+00 -1.164153218269348240e-15 -1.629814505577087378e-15 1.047737896442413396e-14 -3.003515303134918013e-14 1.166481524705886922e-13 -4.186294972896575700e-13 1.563690602779388369e-12 -5.996087566018104922e-12 2.104323357343673753e-11 -7.757428102195262977e-11 2.882385160773992649e-10 -1.019393559545278624e-09 1.890070969238877460e-09 -2.281081629917025687e-09 -8.034941498655826599e-06 -1.935024466365575661e-08 8.183904853649437455e-08 -1.111254170536994947e-07 5.622557552997022931e-07 -8.702967084711417010e-06 -1.515603888407349562e-05 2.047560970485210301e-05 -4.957308718236163400e-06 -4.449228488374501435e-07 4.906046560499816814e-07 -2.314297170378267784e-07 8.874349971301853055e-08 -3.106683399528265138e-08 1.040209853090345882e-08 -3.379736328497529136e-09 1.070801634341478421e-09 -3.325853031128644727e-10 1.016834285110235159e-10 -3.063026815652847436e-11 9.096460416913032430e-12 -2.663116902112960874e-12 7.727649062871932755e-13 -2.232845872640609741e-13 6.356276571750641385e-14 -1.722946763038635166e-14 3.958120942115783660e-15
