1.236653327941894526e-05 -8.141610145568846960e-06 2.043408989906310950e-06 -1.536667346954345738e-07 3.051578998565674044e-08 -1.080286502838134685e-08 3.942489624023437170e-09 4.094839096069336080e-10 -2.741813659667968704e-10 1.811981201171875100e-10 -8.285045623779296634e-11 2.348423004150390516e-11 -9.059906005859375499e-12 8.344650268554687375e-13 -2.384185791015624892e-13 0.000000000000000000e+00 1.192092895507812446e-13 -1.192092895507812446e-13 1.192092895507812446e-13 2.384185791015624892e-13 -1.192092895507812446e-13 2.384185791015624892e-13 0.000000000000000000e+00 0.000000000000000000e+00 -2.384185791015624892e-13 1.192092895507812446e-13 0.000000000000000000e+00 1.192092895507812446e-13 1.192092895507812446e-13 -2.384185791015624892e-13 0.000000000000000000e+00 0.000000000000000000e+00 0.000000000000000000e+00 0.000000000000000000e+00 2.384185791015624892e-13 1.192092895507812446e-13 -1.192092895507812446e-13 -2.384185791015624892e-13 1.192092895507812446e-13 -1.192092895507812446e-13 -2.384185791015624892e-13 0.000000000000000000e+00 0.000000000000000000e+00 0.000000000000000000e+00 -2.384185791015624892e-13 -1.192092895507812446e-13 1.192092895507812446e-13 1.192092895507812446e-13 0.000000000000000000e+00 -1.192092895507812446e-13
-8.141610145568846960e-06 8.491093635559081342e-06 -6.540193319320678717e-06 -2.428071498870849758e-07 1.070797443389892570e-07 -1.518666744232177833e-08 -1.119494438171386724e-09 -6.365537643432617309e-09 2.423167228698730626e-09 -1.137137413024902416e-09 4.615783691406250009e-10 -1.294612884521484307e-10 4.649162292480468666e-11 -4.529953002929687749e-12 1.430511474609375036e-12 -4.768371582031249784e-13 0.000000000000000000e+00 0.000000000000000000e+00 2.384185791015624892e-13 0.000000000000000000e+00 1.192092895507812446e-13 -2.384185791015624892e-13 -1.192092895507812446e-13 2.384185791015624892e-13 1.192092895507812446e-13 0.000000000000000000e+00 0.000000000000000000e+00 0.000000000000000000e+00 0.000000000000000000e+00 0.000000000000000000e+00 -1.192092895507812446e-13 -2.384185791015624892e-13 1.192092895507812446e-13 1.192092895507812446e-13 0.000000000000000000e+00 -1.192092895507812446e-13 1.192092895507812446e-13 2.384185791015624892e-13 -1.192092895507812446e-13 1.192092895507812446e-13 2.384185791015624892e-13 2.384185791015624892e-13 1.192092895507812446e-13 0.000000000000000000e+00 1.192092895507812446e-13 0.000000000000000000e+00 -1.192092895507812446e-13 -1.192092895507812446e-13 -1.192092895507812446e-13 0.000000000000000000e+00
2.043408989906310950e-06 -6.540193319320678717e-06 9.792238235473632791e-06 1.943199634552001980e-07 -4.157133102416992082e-07 5.425810813903808582e-08 6.769537925720214510e-09 2.373802661895751958e-08 -9.005308151245116954e-09 4.278779029846191560e-09 -1.752495765686035219e-09 4.912614822387694911e-10 -1.773834228515624948e-10 1.680850982666015769e-11 -5.125999450683593947e-12 1.788139343261718795e-12 -3.576278686523437591e-13 1.192092895507812446e-13 0.000000000000000000e+00 0.000000000000000000e+00 0.000000000000000000e+00 0.000000000000000000e+00 1.192092895507812446e-13 0.000000000000000000e+00 -1.192092895507812446e-13 0.000000000000000000e+00 0.000000000000000000e+00 0.000000000000000000e+00 0.000000000000000000e+00 -1.192092895507812446e-13 0.000000000000000000e+00 -1.192092895507812446e-13 0.000000000000000000e+00 -2.384185791015624892e-13 1.192092895507812446e-13 -1.192092895507812446e-13 1.192092895507812446e-13 0.000000000000000000e+00 0.000000000000000000e+00 0.000000000000000000e+00 1.192092895507812446e-13 0.000000000000000000e+00 0.000000000000000000e+00 0.000000000000000000e+00 0.000000000000000000e+00 0.000000000000000000e+00 0.000000000000000000e+00 0.000000000000000000e+00 0.000000000000000000e+00 0.000000000000000000e+00
-1.536667346954345738e-07 -2.428071498870849758e-07 1.943199634552001980e-07 1.464137840270996133e-05 -1.851350784301757767e-06 6.863789558410644391e-07 -2.585003376007080339e-07 -2.761590480804443405e-08 1.745247840881347708e-08 -1.173436641693115171e-08 5.450963973999023766e-09 -1.553535461425781272e-09 5.903244018554687267e-10 -4.315376281738281454e-11 1.418590545654296945e-11 -5.006790161132812223e-12 1.430511474609375036e-12 -4.768371582031249784e-13 1.192092895507812446e-13 0.000000000000000000e+00 0.000000000000000000e+00 0.000000000000000000e+00 0.000000000000000000e+00 -1.192092895507812446e-13 0.000000000000000000e+00 0.000000000000000000e+00 0.000000000000000000e+00 0.000000000000000000e+00 0.000000000000000000e+00 1.192092895507812446e-13 -1.192092895507812446e-13 0.000000000000000000e+00 0.000000000000000000e+00 -1.192092895507812446e-13 1.192092895507812446e-13 0.000000000000000000e+00 0.000000000000000000e+00 0.000000000000000000e+00 -1.192092895507812446e-13 1.192092895507812446e-13 0.000000000000000000e+00 0.000000000000000000e+00 0.000000000000000000e+00 0.000000000000000000e+00 0.000000000000000000e+00 0.000000000000000000e+00 0.000000000000000000e+00 0.000000000000000000e+00 -1.192092895507812446e-13 0.000000000000000000e+00
3.051578998565674044e-08 1.070797443389892570e-07 -4.157133102416992082e-07 -1.851350784301757767e-06 5.977811813354492331e-07 -9.285459518432617609e-07 5.257821083068848120e-07 2.194064855575561406e-07 -9.537386894226074730e-08 5.172920227050781112e-08 -2.248740196228027345e-08 6.383419036865234182e-09 -2.362847328186034959e-09 2.021789550781250030e-10 -6.389617919921875216e-11 2.121925354003906129e-11 -5.960464477539062786e-12 1.549720764160156155e-12 -3.576278686523437591e-13 2.384185791015624892e-13 0.000000000000000000e+00 0.000000000000000000e+00 -1.192092895507812446e-13 0.000000000000000000e+00 0.000000000000000000e+00 0.000000000000000000e+00 0.000000000000000000e+00 0.000000000000000000e+00 1.192092895507812446e-13 0.000000000000000000e+00 -1.192092895507812446e-13 0.000000000000000000e+00 0.000000000000000000e+00 1.192092895507812446e-13 0.000000000000000000e+00 0.000000000000000000e+00 0.000000000000000000e+00 1.192092895507812446e-13 1.192092895507812446e-13 0.000000000000000000e+00 -1.192092895507812446e-13 1.192092895507812446e-13 0.000000000000000000e+00 0.000000000000000000e+00 1.192092895507812446e-13 0.000000000000000000e+00 0.000000000000000000e+00 0.000000000000000000e+00 0.000000000000000000e+00 0.000000000000000000e+00
-1.080286502838134685e-08 -1.518666744232177833e-08 5.425810813903808582e-08 6.863789558410644391e-07 -9.285459518432617609e-07 3.874422073364257668e-06 -2.579884767532348744e-06 -8.286722898483275973e-07 3.559554815292358581e-07 -1.926363706588745016e-07 8.393204212188720094e-08 -2.388668060302734358e-08 8.849024772644043602e-09 -7.592439651489257409e-10 2.400875091552734572e-10 -7.987022399902344020e-11 2.276897430419921966e-11 -5.960464477539062786e-12 1.788139343261718795e-12 -3.576278686523437591e-13 -2.384185791015624892e-13 0.000000000000000000e+00 1.192092895507812446e-13 0.000000000000000000e+00 -1.192092895507812446e-13 1.192092895507812446e-13 0.000000000000000000e+00 -1.192092895507812446e-13 -1.192092895507812446e-13 -1.192092895507812446e-13 1.192092895507812446e-13 0.000000000000000000e+00 1.192092895507812446e-13 -1.192092895507812446e-13 0.000000000000000000e+00 -1.192092895507812446e-13 -1.192092895507812446e-13 1.192092895507812446e-13 0.000000000000000000e+00 1.192092895507812446e-13 1.192092895507812446e-13 1.192092895507812446e-13 0.000000000000000000e+00 0.000000000000000000e+00 1.192092895507812446e-13 0.000000000000000000e+00 1.192092895507812446e-13 0.000000000000000000e+00 -1.192092895507812446e-13 -1.192092895507812446e-13
3.942489624023437170e-09 -1.119494438171386724e-09 6.769537925720214510e-09 -2.585003376007080339e-07 5.257821083068848120e-07 -2.579884767532348744e-06 5.162265777587890366e-06 -3.283794999122619428e-06 1.639668941497802680e-07 3.192617893218994059e-07 -2.071112394332885613e-07 6.109797954559325634e-08 -2.560281753540038952e-08 8.490085601806640456e-10 -3.691911697387695225e-10 1.580715179443359282e-10 -4.839897155761718778e-11 1.287460327148437452e-11 -3.695487976074218911e-12 1.192092895507812446e-13 9.536743164062499568e-13 -1.192092895507812446e-13 2.384185791015624892e-13 1.192092895507812446e-13 0.000000000000000000e+00 0.000000000000000000e+00 0.000000000000000000e+00 0.000000000000000000e+00 -1.192092895507812446e-13 -1.192092895507812446e-13 1.192092895507812446e-13 0.000000000000000000e+00 0.000000000000000000e+00 0.000000000000000000e+00 0.000000000000000000e+00 0.000000000000000000e+00 0.000000000000000000e+00 1.192092895507812446e-13 0.000000000000000000e+00 0.000000000000000000e+00 0.000000000000000000e+00 0.000000000000000000e+00 2.384185791015624892e-13 1.192092895507812446e-13 0.000000000000000000e+00 -1.192092895507812446e-13 0.000000000000000000e+00 1.192092895507812446e-13 0.000000000000000000e+00 0.000000000000000000e+00
4.094839096069336080e-10 -6.365537643432617309e-09 2.373802661895751958e-08 -2.761590480804443405e-08 2.194064855575561406e-07 -8.286722898483275973e-07 -3.283794999122619428e-06 9.039617538452148423e-06 -5.233301877975463758e-06 -2.755774259567260563e-07 5.314300060272216371e-07 -1.648621559143066504e-07 7.898581027984618849e-08 1.240015029907226537e-09 2.169609069824218754e-10 -2.864599227905273662e-10 1.004934310913085937e-10 -2.706050872802734235e-11 9.059906005859375499e-12 7.152557373046875181e-13 -3.576278686523437591e-12 8.344650268554687375e-13 -3.576278686523437591e-13 3.576278686523437591e-13 0.000000000000000000e+00 -1.192092895507812446e-13 -1.192092895507812446e-13 1.192092895507812446e-13 0.000000000000000000e+00 1.192092895507812446e-13 0.000000000000000000e+00 -1.192092895507812446e-13 -2.384185791015624892e-13 -1.192092895507812446e-13 0.000000000000000000e+00 0.000000000000000000e+00 -1.192092895507812446e-13 -1.192092895507812446e-13 -2.384185791015624892e-13 0.000000000000000000e+00 -1.192092895507812446e-13 0.000000000000000000e+00 0.000000000000000000e+00 -1.192092895507812446e-13 -1.192092895507812446e-13 0.000000000000000000e+00 -1.192092895507812446e-13 1.192092895507812446e-13 2.384185791015624892e-13 1.192092895507812446e-13
-2.741813659667968704e-10 2.423167228698730626e-09 -9.005308151245116954e-09 1.745247840881347708e-08 -9.537386894226074730e-08 3.559554815292358581e-07 1.639668941497802680e-07 -5.233301877975463758e-06 1.086015892028808678e-05 -5.671454548835754399e-06 -6.186890602111816404e-07 2.536792755126953280e-07 -1.986236572265625121e-07 -3.033256530761718839e-08 6.035089492797851252e-09 -7.461309432983398207e-10 1.090764999389648455e-10 -2.622604370117187593e-11 7.152557373046875181e-13 -1.108646392822265593e-11 1.621246337890624987e-11 -3.933906555175781552e-12 1.668930053710937475e-12 -3.576278686523437591e-13 0.000000000000000000e+00 1.192092895507812446e-13 1.192092895507812446e-13 1.192092895507812446e-13 0.000000000000000000e+00 -2.384185791015624892e-13 0.000000000000000000e+00 -1.192092895507812446e-13 0.000000000000000000e+00 0.000000000000000000e+00 0.000000000000000000e+00 1.192092895507812446e-13 -1.192092895507812446e-13 -1.192092895507812446e-13 2.384185791015624892e-13 -1.192092895507812446e-13 -2.384185791015624892e-13 -1.192092895507812446e-13 -1.192092895507812446e-13 0.000000000000000000e+00 0.000000000000000000e+00 0.000000000000000000e+00 0.000000000000000000e+00 -1.192092895507812446e-13 -1.192092895507812446e-13 -1.192092895507812446e-13
1.811981201171875100e-10 -1.137137413024902416e-09 4.278779029846191560e-09 -1.173436641693115171e-08 5.172920227050781112e-08 -1.926363706588745016e-07 3.192617893218994059e-07 -2.755774259567260563e-07 -5.671454548835754399e-06 9.054229736328124405e-06 -3.675641059875488153e-06 4.144064188003540131e-07 3.549712896347045767e-07 2.896127971410751177e-04 -4.910624027252197189e-08 9.912014007568359338e-09 -2.323985099792480283e-09 6.134510040283203602e-10 -1.407861709594726533e-10 7.891654968261719287e-11 -7.081031799316406470e-11 1.752376556396484318e-11 -6.675720214843749900e-12 1.668930053710937475e-12 -5.960464477539062988e-13 -1.192092895507812446e-13 0.000000000000000000e+00 0.000000000000000000e+00 0.000000000000000000e+00 7.152557373046875181e-13 -1.192092895507812446e-13 2.384185791015624892e-13 1.192092895507812446e-13 1.192092895507812446e-13 1.192092895507812446e-13 -2.384185791015624892e-13 2.384185791015624892e-13 1.192092895507812446e-13 -1.192092895507812446e-13 2.384185791015624892e-13 2.384185791015624892e-13 1.192092895507812446e-13 0.000000000000000000e+00 0.000000000000000000e+00 2.384185791015624892e-13 0.000000000000000000e+00 -1.192092895507812446e-13 -1.192092895507812446e-13 -2.384185791015624892e-13 0.000000000000000000e+00
-8.285045623779296634e-11 4.615783691406250009e-10 -1.752495765686035219e-09 5.450963973999023766e-09 -2.248740196228027345e-08 8.393204212188720094e-08 -2.071112394332885613e-07 5.314300060272216371e-07 -6.186890602111816404e-07 -3.675641059875488153e-06 4.708105087280273252e-06 -8.378274440765380804e-07 2.816601892709732265e-04 -7.393974065780639649e-07 1.698470115661621017e-07 -3.341770172119140883e-08 7.743120193481445056e-09 -2.048015594482421973e-09 4.624128341674804770e-10 -2.785921096801757934e-10 2.613067626953124926e-10 -6.532669067382812315e-11 2.551078796386718720e-11 -6.437301635742187259e-12 1.549720764160156155e-12 2.384185791015624892e-13 1.192092895507812446e-13 1.192092895507812446e-13 -1.192092895507812446e-13 -2.741813659667968752e-12 2.384185791015624892e-13 0.000000000000000000e+00 2.384185791015624892e-13 1.192092895507812446e-13 0.000000000000000000e+00 -1.192092895507812446e-13 3.576278686523437591e-13 0.000000000000000000e+00 0.000000000000000000e+00 1.192092895507812446e-13 1.192092895507812446e-13 1.192092895507812446e-13 0.000000000000000000e+00 2.384185791015624892e-13 1.192092895507812446e-13 0.000000000000000000e+00 -1.192092895507812446e-13 1.192092895507812446e-13 -1.192092895507812446e-13 -1.192092895507812446e-13
2.348423004150390516e-11 -1.294612884521484307e-10 4.912614822387694911e-10 -1.553535461425781272e-09 6.383419036865234182e-09 -2.388668060302734358e-08 6.109797954559325634e-08 -1.648621559143066504e-07 2.536792755126953280e-07 4.144064188003540131e-07 -8.378274440765380804e-07 -8.840560913085937320e-10 2.373910546302795408e-06 2.581933975219726599e-06 -5.867606401443481653e-07 1.118813753128051694e-07 -2.548396587371826086e-08 6.733179092407226263e-09 -1.482486724853515522e-09 9.772777557373047382e-10 -9.616613388061522863e-10 2.400875091552734572e-10 -9.441375732421874431e-11 2.431869506835937481e-11 -6.079673767089843702e-12 -8.344650268554687375e-13 0.000000000000000000e+00 -1.192092895507812446e-13 3.576278686523437591e-13 1.013278961181640698e-11 -9.536743164062499568e-13 3.576278686523437591e-13 -1.192092895507812446e-13 -1.192092895507812446e-13 -1.192092895507812446e-13 0.000000000000000000e+00 0.000000000000000000e+00 1.192092895507812446e-13 -2.384185791015624892e-13 -1.192092895507812446e-13 0.000000000000000000e+00 -2.384185791015624892e-13 1.192092895507812446e-13 -1.192092895507812446e-13 0.000000000000000000e+00 -1.192092895507812446e-13 -1.192092895507812446e-13 0.000000000000000000e+00 1.192092895507812446e-13 1.192092895507812446e-13
-9.059906005859375499e-12 4.649162292480468666e-11 -1.773834228515624948e-10 5.903244018554687267e-10 -2.362847328186034959e-09 8.849024772644043602e-09 -2.560281753540038952e-08 7.898581027984618849e-08 -1.986236572265625121e-07 3.549712896347045767e-07 2.816601892709732265e-04 2.373910546302795408e-06 1.120405961990356396e-03 -1.206900191307067859e-05 2.704520702362060454e-06 2.818414925336837741e-04 3.638952970504760788e-07 -9.753978252410889073e-08 2.483260631561279251e-08 -8.792757987976074829e-09 4.967689514160156334e-09 -1.263260841369628968e-09 4.504919052124023208e-10 -1.169443130493164183e-10 2.932548522949218945e-11 8.344650268554687375e-13 1.311302185058593716e-12 1.192092895507812598e-12 -1.788139343261718795e-12 -3.802776336669921897e-11 4.053115844726562468e-12 -1.072883605957031277e-12 2.384185791015624892e-13 -2.384185791015624892e-13 0.000000000000000000e+00 0.000000000000000000e+00 1.192092895507812446e-13 1.192092895507812446e-13 0.000000000000000000e+00 -1.192092895507812446e-13 1.192092895507812446e-13 -1.192092895507812446e-13 0.000000000000000000e+00 -1.192092895507812446e-13 0.000000000000000000e+00 -1.192092895507812446e-13 -1.192092895507812446e-13 -1.192092895507812446e-13 1.192092895507812446e-13 1.192092895507812446e-13
8.344650268554687375e-13 -4.529953002929687749e-12 1.680850982666015769e-11 -4.315376281738281454e-11 2.021789550781250030e-10 -7.592439651489257409e-10 8.490085601806640456e-10 1.240015029907226537e-09 -3.033256530761718839e-08 2.896127971410751177e-04 -7.393974065780639649e-07 2.581933975219726599e-06 -1.206900191307067859e-05 -8.670696258544922160e-06 8.768299818038940170e-07 -9.501105546951294204e-07 2.895372428894043117e-04 -8.607733249664306174e-08 2.752315998077392613e-08 7.642507553100585976e-10 -1.002299785614013683e-08 2.444386482238769403e-09 -1.076579093933105568e-09 2.756118774414062284e-10 -6.628036499023437049e-11 -1.525878906249999931e-11 -1.430511474609375036e-12 -4.887580871582031307e-12 5.960464477539062786e-12 1.423358917236328084e-10 -1.502037048339843748e-11 3.814697265624999827e-12 -1.072883605957031277e-12 3.576278686523437591e-13 0.000000000000000000e+00 0.000000000000000000e+00 -1.192092895507812446e-13 1.192092895507812446e-13 1.192092895507812446e-13 0.000000000000000000e+00 2.384185791015624892e-13 2.384185791015624892e-13 0.000000000000000000e+00 2.384185791015624892e-13 -1.192092895507812446e-13 1.192092895507812446e-13 3.576278686523437591e-13 -1.192092895507812446e-13 -2.384185791015624892e-13 -1.192092895507812446e-13
-2.384185791015624892e-13 1.430511474609375036e-12 -5.125999450683593947e-12 1.418590545654296945e-11 -6.389617919921875216e-11 2.400875091552734572e-10 -3.691911697387695225e-10 2.169609069824218754e-10 6.035089492797851252e-09 -4.910624027252197189e-08 1.698470115661621017e-07 -5.867606401443481653e-07 2.704520702362060454e-06 8.768299818038940170e-07 1.735546112060546899e-06 -7.309445142745971450e-07 -1.317285299301147429e-07 3.960216045379638368e-08 -2.726876735687255929e-08 -2.313017845153808689e-08 4.293894767761230685e-08 -1.060485839843749969e-08 4.418849945068358992e-09 -1.135826110839843751e-09 2.759695053100585680e-10 5.006790161132812708e-11 7.987022399902344020e-12 1.811981201171875100e-11 -2.205371856689453093e-11 -5.347728729248047356e-10 5.614757537841796997e-11 -1.466274261474609473e-11 3.933906555175781552e-12 -1.072883605957031277e-12 2.384185791015624892e-13 -2.384185791015624892e-13 1.192092895507812446e-13 0.000000000000000000e+00 -1.192092895507812446e-13 3.576278686523437591e-13 0.000000000000000000e+00 0.000000000000000000e+00 -2.384185791015624892e-13 -1.192092895507812446e-13 1.192092895507812446e-13 0.000000000000000000e+00 -2.384185791015624892e-13 0.000000000000000000e+00 -1.192092895507812446e-13 -1.192092895507812446e-13
0.000000000000000000e+00 -4.768371582031249784e-13 1.788139343261718795e-12 -5.006790161132812223e-12 2.121925354003906129e-11 -7.987022399902344020e-11 1.580715179443359282e-10 -2.864599227905273662e-10 -7.461309432983398207e-10 9.912014007568359338e-09 -3.341770172119140883e-08 1.118813753128051694e-07 2.818414925336837741e-04 -9.501105546951294204e-07 -7.309445142745971450e-07 9.662494659423827362e-07 -3.454577922821045170e-08 -6.644129753112792947e-09 6.402003765106201698e-08 9.663963317871093132e-08 -1.633410453796386692e-07 4.040980339050293035e-08 -1.672768592834472683e-08 4.300713539123534913e-09 -1.045584678649902258e-09 -1.851320266723632705e-10 -3.051757812499999862e-11 -6.771087646484375441e-11 8.296966552734375049e-11 2.007246017456054545e-09 -2.104043960571289153e-10 5.447864532470703068e-11 -1.466274261474609473e-11 3.933906555175781552e-12 -1.192092895507812598e-12 0.000000000000000000e+00 -1.192092895507812446e-13 0.000000000000000000e+00 0.000000000000000000e+00 0.000000000000000000e+00 0.000000000000000000e+00 0.000000000000000000e+00 0.000000000000000000e+00 2.384185791015624892e-13 0.000000000000000000e+00 0.000000000000000000e+00 1.192092895507812446e-13 0.000000000000000000e+00 -1.192092895507812446e-13 -1.192092895507812446e-13
1.192092895507812446e-13 0.000000000000000000e+00 -3.576278686523437591e-13 1.430511474609375036e-12 -5.960464477539062786e-12 2.276897430419921966e-11 -4.839897155761718778e-11 1.004934310913085937e-10 1.090764999389648455e-10 -2.323985099792480283e-09 7.743120193481445056e-09 -2.548396587371826086e-08 3.638952970504760788e-07 2.895372428894043117e-04 -1.317285299301147429e-07 -3.454577922821045170e-08 -7.836341857910156579e-09 6.107354164123535813e-08 -2.491755485534667948e-07 -3.584289550781250071e-07 6.100054979324341093e-07 -1.509389877319335890e-07 6.250345706939697659e-08 -1.606547832489013647e-08 3.903865814208984295e-09 7.010698318481445244e-10 1.130104064941406190e-10 2.552270889282226691e-10 -3.104209899902343724e-10 -7.533192634582519433e-09 7.899999618530273531e-10 -2.043247222900390659e-10 5.447864532470703068e-11 -1.478195190429687564e-11 3.933906555175781552e-12 -9.536743164062499568e-13 2.384185791015624892e-13 -1.192092895507812446e-13 -1.192092895507812446e-13 -2.384185791015624892e-13 -2.384185791015624892e-13 -1.192092895507812446e-13 -1.192092895507812446e-13 -1.192092895507812446e-13 -1.192092895507812446e-13 0.000000000000000000e+00 -2.384185791015624892e-13 -1.192092895507812446e-13 -1.192092895507812446e-13 1.192092895507812446e-13
-1.192092895507812446e-13 0.000000000000000000e+00 1.192092895507812446e-13 -4.768371582031249784e-13 1.549720764160156155e-12 -5.960464477539062786e-12 1.287460327148437452e-11 -2.706050872802734235e-11 -2.622604370117187593e-11 6.134510040283203602e-10 -2.048015594482421973e-09 6.733179092407226263e-09 -9.753978252410889073e-08 -8.607733249664306174e-08 3.960216045379638368e-08 -6.644129753112792947e-09 6.107354164123535813e-08 -2.333641052246093758e-07 9.286179542541504386e-07 1.339308500289917095e-06 -2.280092000961303813e-06 5.643588304519653425e-07 -2.336689233779907140e-07 6.004834175109863318e-08 -1.458764076232910234e-08 -2.648591995239258008e-09 -4.200935363769530998e-10 -9.607076644897461165e-10 1.164555549621582020e-09 2.826070785522460949e-08 -2.963900566101074181e-09 7.672309875488281108e-10 -2.048015594482421767e-10 5.459785461425781483e-11 -1.478195190429687564e-11 3.933906555175781552e-12 -1.072883605957031277e-12 0.000000000000000000e+00 1.192092895507812446e-13 0.000000000000000000e+00 -1.192092895507812446e-13 -2.384185791015624892e-13 0.000000000000000000e+00 -1.192092895507812446e-13 -1.192092895507812446e-13 0.000000000000000000e+00 0.000000000000000000e+00 0.000000000000000000e+00 3.576278686523437591e-13 1.192092895507812446e-13
1.192092895507812446e-13 2.384185791015624892e-13 0.000000000000000000e+00 1.192092895507812446e-13 -3.576278686523437591e-13 1.788139343261718795e-12 -3.695487976074218911e-12 9.059906005859375499e-12 7.152557373046875181e-13 -1.407861709594726533e-10 4.624128341674804770e-10 -1.482486724853515522e-09 2.483260631561279251e-08 2.752315998077392613e-08 -2.726876735687255929e-08 6.402003765106201698e-08 -2.491755485534667948e-07 9.286179542541504386e-07 -3.676317214965820251e-06 -5.577328562736511247e-06 8.603667140007019483e-06 -2.131854057312011754e-06 8.792525529861450142e-07 -2.259618043899536127e-07 5.491757392883300548e-08 9.885549545288085903e-09 1.591682434082031165e-09 3.607869148254394559e-09 -4.361152648925781067e-09 -1.059741973876953111e-07 1.111483573913574236e-08 -2.877593040466308681e-09 7.685422897338866718e-10 -2.056360244750976528e-10 5.507469177246093849e-11 -1.454353332519531220e-11 3.933906555175781552e-12 -1.192092895507812598e-12 1.192092895507812446e-13 0.000000000000000000e+00 3.576278686523437591e-13 2.384185791015624892e-13 2.384185791015624892e-13 0.000000000000000000e+00 0.000000000000000000e+00 -2.384185791015624892e-13 1.192092895507812446e-13 -1.192092895507812446e-13 -2.384185791015624892e-13 0.000000000000000000e+00
2.384185791015624892e-13 0.000000000000000000e+00 0.000000000000000000e+00 0.000000000000000000e+00 2.384185791015624892e-13 -3.576278686523437591e-13 1.192092895507812446e-13 7.152557373046875181e-13 -1.108646392822265593e-11 7.891654968261719287e-11 -2.785921096801757934e-10 9.772777557373047382e-10 -8.792757987976074829e-09 7.642507553100585976e-10 -2.313017845153808689e-08 9.663963317871093132e-08 -3.584289550781250071e-07 1.339308500289917095e-06 -5.577328562736511247e-06 -3.663015651702880939e-05 -2.608069372177124171e-05 6.077991843223572051e-06 -2.779099702835083193e-06 7.085765600204468176e-07 -1.688219308853149309e-07 -4.700398445129394315e-08 -3.320932388305664160e-09 -1.426732540130615207e-08 1.651716232299804836e-08 3.971791267395019753e-07 -4.165077209472656016e-08 1.078295707702636798e-08 -2.880334854125976497e-09 7.709264755249023030e-10 -2.063512802124023318e-10 5.531311035156250032e-11 -1.478195190429687564e-11 3.933906555175781552e-12 -1.072883605957031277e-12 3.576278686523437591e-13 1.192092895507812446e-13 -1.192092895507812446e-13 0.000000000000000000e+00 -2.384185791015624892e-13 0.000000000000000000e+00 0.000000000000000000e+00 -1.192092895507812446e-13 -3.576278686523437591e-13 0.000000000000000000e+00 0.000000000000000000e+00
-1.192092895507812446e-13 1.192092895507812446e-13 0.000000000000000000e+00 0.000000000000000000e+00 0.000000000000000000e+00 -2.384185791015624892e-13 9.536743164062499568e-13 -3.576278686523437591e-12 1.621246337890624987e-11 -7.081031799316406470e-11 2.613067626953124926e-10 -9.616613388061522863e-10 4.967689514160156334e-09 -1.002299785614013683e-08 4.293894767761230685e-08 -1.633410453796386692e-07 6.100054979324341093e-07 -2.280092000961303813e-06 8.603667140007019483e-06 -2.608069372177124171e-05 -1.011350135803222643e-04 2.863960981369018628e-06 3.342163801193237261e-06 -7.609962224960327163e-07 1.255756616592407137e-07 3.119443655014038310e-07 -2.383482456207275481e-08 6.329178810119629062e-08 -6.441223621368407586e-08 -1.487487077713012614e-06 1.558798551559448209e-07 -4.035413265228271608e-08 1.078021526336669892e-08 -2.885103225708007966e-09 7.717609405517577791e-10 -2.064704895019531289e-10 5.519390106201171618e-11 -1.478195190429687564e-11 4.172325134277343384e-12 -9.536743164062499568e-13 3.576278686523437591e-13 -2.384185791015624892e-13 2.384185791015624892e-13 3.576278686523437591e-13 0.000000000000000000e+00 0.000000000000000000e+00 2.384185791015624892e-13 0.000000000000000000e+00 2.384185791015624892e-13 1.192092895507812446e-13
2.384185791015624892e-13 -2.384185791015624892e-13 0.000000000000000000e+00 0.000000000000000000e+00 0.000000000000000000e+00 0.000000000000000000e+00 -1.192092895507812446e-13 8.344650268554687375e-13 -3.933906555175781552e-12 1.752376556396484318e-11 -6.532669067382812315e-11 2.400875091552734572e-10 -1.263260841369628968e-09 2.444386482238769403e-09 -1.060485839843749969e-08 4.040980339050293035e-08 -1.509389877319335890e-07 5.643588304519653425e-07 -2.131854057312011754e-06 6.077991843223572051e-06 2.863960981369018628e-06 -7.467934417724609154e-05 -1.544612121582031393e-05 3.398576140403747370e-06 -6.172299385070800480e-07 -1.129642963409423802e-06 -2.415862202644348050e-06 -2.347272634506225694e-07 2.402385473251342942e-07 5.571859717369079629e-06 -5.839017629623413091e-07 1.511607170104980389e-07 -4.038238525390624971e-08 1.080811023712158151e-08 -2.891778945922851362e-09 7.736682891845703255e-10 -2.068281173706054684e-10 5.543231964111328447e-11 -1.478195190429687564e-11 4.291534423828125109e-12 -9.536743164062499568e-13 3.576278686523437591e-13 0.000000000000000000e+00 0.000000000000000000e+00 -1.192092895507812446e-13 0.000000000000000000e+00 0.000000000000000000e+00 0.000000000000000000e+00 2.384185791015624892e-13 0.000000000000000000e+00
0.000000000000000000e+00 -1.192092895507812446e-13 1.192092895507812446e-13 0.000000000000000000e+00 -1.192092895507812446e-13 1.192092895507812446e-13 2.384185791015624892e-13 -3.576278686523437591e-13 1.668930053710937475e-12 -6.675720214843749900e-12 2.551078796386718720e-11 -9.441375732421874431e-11 4.504919052124023208e-10 -1.076579093933105568e-09 4.418849945068358992e-09 -1.672768592834472683e-08 6.250345706939697659e-08 -2.336689233779907140e-07 8.792525529861450142e-07 -2.779099702835083193e-06 3.342163801193237261e-06 -1.544612121582031393e-05 -1.220608520507812558e-05 2.224941968917846869e-06 -1.798715233802795508e-06 5.331031322479248049e-06 -5.491786003112792631e-07 9.591414928436278850e-07 5.917559862136840694e-07 -2.088045787811279187e-05 2.184756398200988895e-06 -5.655761957168579337e-07 1.510922908782959080e-07 -4.043817520141601819e-08 1.082050800323486357e-08 -2.894520759582519591e-09 7.739067077636719196e-10 -2.065896987915039001e-10 5.519390106201171618e-11 -1.478195190429687564e-11 3.695487976074218911e-12 -1.311302185058593716e-12 3.576278686523437591e-13 0.000000000000000000e+00 0.000000000000000000e+00 1.192092895507812446e-13 1.192092895507812446e-13 1.192092895507812446e-13 0.000000000000000000e+00 0.000000000000000000e+00
0.000000000000000000e+00 2.384185791015624892e-13 0.000000000000000000e+00 -1.192092895507812446e-13 0.000000000000000000e+00 0.000000000000000000e+00 1.192092895507812446e-13 3.576278686523437591e-13 -3.576278686523437591e-13 1.668930053710937475e-12 -6.437301635742187259e-12 2.431869506835937481e-11 -1.169443130493164183e-10 2.756118774414062284e-10 -1.135826110839843751e-09 4.300713539123534913e-09 -1.606547832489013647e-08 6.004834175109863318e-08 -2.259618043899536127e-07 7.085765600204468176e-07 -7.609962224960327163e-07 3.398576140403747370e-06 2.224941968917846869e-06 -3.819761276245117434e-07 4.203851342201232573e-06 -1.931025636196136630e-05 1.313430058956146266e-05 -3.548309326171874980e-06 -1.105057597160339355e-06 7.956655883789062582e-05 -8.183745503425598152e-06 2.118396401405334367e-06 -5.659226179122924336e-07 1.514623165130615325e-07 -4.052793979644775691e-08 1.084041595458984410e-08 -2.898335456848144684e-09 7.746219635009765987e-10 -2.068281173706054684e-10 5.519390106201171618e-11 -1.358985900878906325e-11 3.814697265624999827e-12 -8.344650268554687375e-13 4.768371582031249784e-13 -2.384185791015624892e-13 1.192092895507812446e-13 1.192092895507812446e-13 -2.384185791015624892e-13 -1.192092895507812446e-13 1.192092895507812446e-13
-2.384185791015624892e-13 1.192092895507812446e-13 -1.192092895507812446e-13 0.000000000000000000e+00 0.000000000000000000e+00 -1.192092895507812446e-13 0.000000000000000000e+00 0.000000000000000000e+00 0.000000000000000000e+00 -5.960464477539062988e-13 1.549720764160156155e-12 -6.079673767089843702e-12 2.932548522949218945e-11 -6.628036499023437049e-11 2.759695053100585680e-10 -1.045584678649902258e-09 3.903865814208984295e-09 -1.458764076232910234e-08 5.491757392883300548e-08 -1.688219308853149309e-07 1.255756616592407137e-07 -6.172299385070800480e-07 -1.798715233802795508e-06 4.203851342201232573e-06 -1.596964454650878895e-05 7.341862046718597901e-05 -5.303511857986450425e-05 1.329931640625000039e-05 1.566244363784790027e-06 -6.747736089229584280e-04 3.095152676105499109e-05 -8.002620935440062910e-06 2.137708067893981891e-06 -5.721263885498046411e-07 1.530879735946655244e-07 -4.094755649566650305e-08 1.094818115234375059e-08 -2.924799919128418118e-09 7.817745208740233890e-10 -2.088546752929687601e-10 5.507469177246093849e-11 -1.454353332519531220e-11 5.364418029785156588e-12 -1.072883605957031277e-12 2.384185791015624892e-13 -1.192092895507812446e-13 1.192092895507812446e-13 0.000000000000000000e+00 -1.192092895507812446e-13 -3.576278686523437591e-13
1.192092895507812446e-13 0.000000000000000000e+00 0.000000000000000000e+00 0.000000000000000000e+00 0.000000000000000000e+00 1.192092895507812446e-13 0.000000000000000000e+00 -1.192092895507812446e-13 1.192092895507812446e-13 -1.192092895507812446e-13 2.384185791015624892e-13 -8.344650268554687375e-13 8.344650268554687375e-13 -1.525878906249999931e-11 5.006790161132812708e-11 -1.851320266723632705e-10 7.010698318481445244e-10 -2.648591995239258008e-09 9.885549545288085903e-09 -4.700398445129394315e-08 3.119443655014038310e-07 -1.129642963409423802e-06 5.331031322479248049e-06 -1.931025636196136630e-05 7.341862046718597901e-05 -3.683842124938964771e-04 2.248233969211578325e-04 8.133738301873206719e-03 -8.484437465667724000e-06 1.216449269652366714e-03 -1.386059291362762508e-04 3.492953634262085293e-05 -9.315640926361083184e-06 2.492887496948242214e-06 -6.670248508453369399e-07 1.784106492996215923e-07 -4.770112037658691426e-08 1.274752616882324234e-08 -3.405809402465820509e-09 9.086132049560547236e-10 -2.400875091552734572e-10 6.389617919921875216e-11 -1.895427703857421741e-11 4.887580871582031307e-12 -1.072883605957031277e-12 -8.344650268554687375e-13 0.000000000000000000e+00 0.000000000000000000e+00 -1.192092895507812446e-13 0.000000000000000000e+00
0.000000000000000000e+00 0.000000000000000000e+00 0.000000000000000000e+00 0.000000000000000000e+00 0.000000000000000000e+00 0.000000000000000000e+00 0.000000000000000000e+00 -1.192092895507812446e-13 1.192092895507812446e-13 0.000000000000000000e+00 1.192092895507812446e-13 0.000000000000000000e+00 1.311302185058593716e-12 -1.430511474609375036e-12 7.987022399902344020e-12 -3.051757812499999862e-11 1.130104064941406190e-10 -4.200935363769530998e-10 1.591682434082031165e-09 -3.320932388305664160e-09 -2.383482456207275481e-08 -2.415862202644348050e-06 -5.491786003112792631e-07 1.313430058956146266e-05 -5.303511857986450425e-05 2.248233969211578325e-04 -5.578915288925170510e-03 -1.163638484477996886e-05 1.230710793733596792e-04 -1.194488779544830223e-03 1.030117254257202197e-04 -2.639992880821227976e-05 8.617585897445679370e-06 -2.982271909713744874e-07 8.517193794250488919e-08 -2.281534671783447308e-08 6.108522415161133149e-09 -1.636147499084472579e-09 4.382133483886718767e-10 -1.181364059448242081e-10 3.063678741455078277e-11 -5.245208740234374864e-12 5.960464477539062988e-13 -2.384185791015625195e-12 1.311302185058593716e-12 3.337860107421874950e-12 -3.695487976074218911e-12 5.960464477539062988e-13 -2.384185791015625195e-12 3.576278686523437591e-13
1.192092895507812446e-13 0.000000000000000000e+00 0.000000000000000000e+00 0.000000000000000000e+00 0.000000000000000000e+00 -1.192092895507812446e-13 0.000000000000000000e+00 1.192092895507812446e-13 1.192092895507812446e-13 0.000000000000000000e+00 1.192092895507812446e-13 -1.192092895507812446e-13 1.192092895507812598e-12 -4.887580871582031307e-12 1.811981201171875100e-11 -6.771087646484375441e-11 2.552270889282226691e-10 -9.607076644897461165e-10 3.607869148254394559e-09 -1.426732540130615207e-08 6.329178810119629062e-08 -2.347272634506225694e-07 9.591414928436278850e-07 -3.548309326171874980e-06 1.329931640625000039e-05 8.133738301873206719e-03 -1.163638484477996886e-05 2.621530603981018018e-02 1.889325832128524690e-04 -6.022937178611755510e-06 -2.908661985397338848e-05 7.813514590263366695e-06 -2.098340511322021580e-06 5.632952451705932606e-07 -1.511605978012084979e-07 4.054999351501465033e-08 -1.087379455566406314e-08 2.917766571044922021e-09 -7.785558700561523851e-10 2.138614654541015651e-10 -5.364418029785156103e-11 1.549720764160156114e-11 -3.218650817871093630e-12 -1.192092895507812446e-13 1.549720764160156155e-12 2.622604370117187432e-12 5.245208740234374864e-12 2.264976501464843875e-12 4.768371582031250390e-12 2.384185791015625195e-12
1.192092895507812446e-13 0.000000000000000000e+00 0.000000000000000000e+00 0.000000000000000000e+00 1.192092895507812446e-13 -1.192092895507812446e-13 -1.192092895507812446e-13 0.000000000000000000e+00 0.000000000000000000e+00 0.000000000000000000e+00 -1.192092895507812446e-13 3.576278686523437591e-13 -1.788139343261718795e-12 5.960464477539062786e-12 -2.205371856689453093e-11 8.296966552734375049e-11 -3.104209899902343724e-10 1.164555549621582020e-09 -4.361152648925781067e-09 1.651716232299804836e-08 -6.441223621368407586e-08 2.402385473251342942e-07 5.917559862136840694e-07 -1.105057597160339355e-06 1.566244363784790027e-06 -8.484437465667724000e-06 1.230710793733596792e-04 1.889325832128524690e-04 -6.066756271362304560e-03 1.200567865371704098e-05 -3.167884945869445975e-06 3.446992635726928818e-07 -1.301817655563354582e-06 -4.591050148010254049e-07 1.225867271423339872e-07 -3.272116184234618890e-08 8.725404739379882237e-09 -2.323389053344726608e-09 6.221532821655273057e-10 -1.670122146606445195e-10 4.196166992187499891e-11 -1.657009124755859262e-11 -7.152557373046875181e-13 -2.145767211914062554e-12 -1.907348632812499914e-12 -7.152557373046875181e-12 -5.006790161132812223e-12 -1.072883605957031277e-12 1.788139343261718795e-12 -5.722045898437500145e-12
-2.384185791015624892e-13 0.000000000000000000e+00 -1.192092895507812446e-13 1.192092895507812446e-13 0.000000000000000000e+00 -1.192092895507812446e-13 -1.192092895507812446e-13 1.192092895507812446e-13 -2.384185791015624892e-13 7.152557373046875181e-13 -2.741813659667968752e-12 1.013278961181640698e-11 -3.802776336669921897e-11 1.423358917236328084e-10 -5.347728729248047356e-10 2.007246017456054545e-09 -7.533192634582519433e-09 2.826070785522460949e-08 -1.059741973876953111e-07 3.971791267395019753e-07 -1.487487077713012614e-06 5.571859717369079629e-06 -2.088045787811279187e-05 7.956655883789062582e-05 -6.747736089229584280e-04 1.216449269652366714e-03 -1.194488779544830223e-03 -6.022937178611755510e-06 1.200567865371704098e-05 -1.143878143310546889e-03 9.564551188945770617e-04 -1.572644276618957553e-04 3.918909776210785089e-05 -1.044404304027557427e-05 2.793538689613342137e-06 -7.471364736557006678e-07 1.997535228729248019e-07 -5.338358879089355348e-08 1.426351070404052657e-08 -3.809571266174316322e-09 1.017332077026367178e-09 -2.725124359130859182e-10 6.890296936035155711e-11 -2.098083496093749945e-11 2.384185791015624892e-13 -4.768371582031249784e-13 1.192092895507812598e-12 0.000000000000000000e+00 9.536743164062499568e-13 -2.503395080566406111e-12
0.000000000000000000e+00 -1.192092895507812446e-13 0.000000000000000000e+00 -1.192092895507812446e-13 -1.192092895507812446e-13 1.192092895507812446e-13 1.192092895507812446e-13 0.000000000000000000e+00 0.000000000000000000e+00 -1.192092895507812446e-13 2.384185791015624892e-13 -9.536743164062499568e-13 4.053115844726562468e-12 -1.502037048339843748e-11 5.614757537841796997e-11 -2.104043960571289153e-10 7.899999618530273531e-10 -2.963900566101074181e-09 1.111483573913574236e-08 -4.165077209472656016e-08 1.558798551559448209e-07 -5.839017629623413091e-07 2.184756398200988895e-06 -8.183745503425598152e-06 3.095152676105499109e-05 -1.386059291362762508e-04 1.030117254257202197e-04 -2.908661985397338848e-05 -3.167884945869445975e-06 9.564551188945770617e-04 -5.621630001068115233e-05 1.533085703849792350e-05 -4.094523429870605561e-06 1.095838308334350587e-06 -2.931807041168212967e-07 7.839977741241455735e-08 -2.099728584289550650e-08 5.623817443847656566e-09 -1.503348350524902425e-09 4.005432128906250166e-10 -1.060962677001953064e-10 2.598762512207031410e-11 -3.576278686523437591e-12 -7.152557373046875181e-13 -2.741813659667968752e-12 -4.053115844726562468e-12 -8.821487426757812050e-12 -2.384185791015624892e-13 3.337860107421874950e-12 -5.960464477539062988e-13
